{
  "ALA": [
    [
      [
        "PHI",
        1,
        -1
      ],
      [
        "BB",
        0
      ],
      [
        [
          -0.5362700855881726,
          1.3611698627663085,
          -2.4073625012682086e-16
        ],
        [
          [
            -0.3665550824252718,
            0.9303790835548018,
            0.005668547603128774
          ],
          [
            0.9303963518566707,
            0.3665482791055874,
            0.0022332793220328252
          ],
          [
            -1.6454972667588308e-16,
            0.0060926158962432845,
            -0.9999814398435306
          ]
        ]
      ]
    ],
    [
      [
        "PSI",
        1,
        -1
      ],
      [
        "BB",
        0
      ],
      [
        [
          1.528,
          1.1104584154412695e-15,
          2.2860822356830466e-17
        ],
        [
          [
            1.0,
            1.540515812254765e-19,
            -1.4961271175936727e-17
          ],
          [
            1.5405158122549943e-19,
            0.9997879788016539,
            0.020591198209521728
          ],
          [
            1.4961271175936727e-17,
            -0.020591198209521728,
            0.9997879788016539
          ]
        ]
      ]
    ],
    [
      [
        "XI",
        1,
        1
      ],
      [
        "BB",
        0
      ],
      [
        [
          -0.5320873251419996,
          -0.7839508518022256,
          -1.1991684745613502
        ],
        [
          [
            -0.34815633392789364,
            -0.9363569224651379,
            -0.04497644825355023
          ],
          [
            -0.5129561289028499,
            0.15013027953538566,
            0.8451845413799458
          ],
          [
            -0.784642069332821,
            0.3173272962073107,
            -0.532578829953713
          ]
        ]
      ]
    ]
  ],
  "ARG": [
    [
      [
        "PHI",
        1,
        -1
      ],
      [
        "BB",
        0
      ],
      [
        [
          -0.5398208429201511,
          1.3590124162600483,
          -2.401550620230445e-16
        ],
        [
          [
            -0.36915875191147585,
            0.9293547688727825,
            0.004639984976070907
          ],
          [
            0.9293663518156664,
            0.36915415098663046,
            0.001843074110987301
          ],
          [
            -1.642310483642479e-16,
            0.004992632848182947,
            -0.9999875367309549
          ]
        ]
      ]
    ],
    [
      [
        "PSI",
        1,
        -1
      ],
      [
        "BB",
        0
      ],
      [
        [
          1.527700000000001,
          -1.0271869068517569e-15,
          -2.1762299973545593e-17
        ],
        [
          [
            1.0000000000000002,
            -1.509518056466634e-19,
            1.4245139735253307e-17
          ],
          [
            -1.509518056466881e-19,
            0.9997754441216389,
            0.021191067254397594
          ],
          [
            -1.4245139735253307e-17,
            -0.021191067254397594,
            0.9997754441216389
          ]
        ]
      ]
    ],
    [
      [
        "CHI",
        1,
        -1
      ],
      [
        "BB",
        0
      ],
      [
        [
          -0.5282825306781933,
          -0.7906144257804462,
          -1.2004300719026075
        ],
        [
          [
            -0.34496704367127684,
            0.5243954794594842,
            -0.778464591296969
          ],
          [
            -0.5162690517046139,
            -0.7986553408191721,
            -0.30921822849410135
          ],
          [
            -0.783877544666715,
            0.2952270782016264,
            0.5462389287334003
          ]
        ]
      ]
    ],
    [
      [
        "CHI",
        2,
        -1
      ],
      [
        "CHI",
        1
      ],
      [
        [
          0.613561216739901,
          1.3929576602727924,
          -2.2203399428660533e-16
        ],
        [
          [
            0.4031017782930827,
            0.9151551542426862,
            -2.6472400663865708e-17
          ],
          [
            0.9151551542426862,
            -0.4031017782930827,
            -1.397309640058198e-16
          ],
          [
            -1.3854658370051656e-16,
            3.2099446160638504e-17,
            -1.0000000000000002
          ]
        ]
      ]
    ],
    [
      [
        "CHI",
        3,
        -1
      ],
      [
        "CHI",
        2
      ],
      [
        [
          0.5659212871037613,
          1.4148143117748093,
          -3.199143855359891e-16
        ],
        [
          [
            0.3713881658378793,
            0.9284776950878122,
            -1.5376376190376904e-16
          ],
          [
            0.9284776950878122,
            -0.3713881658378793,
            -2.2656811816572573e-16
          ],
          [
            -2.674694856406692e-16,
            -5.862150539753385e-17,
            -1.0000000000000002
          ]
        ]
      ]
    ],
    [
      [
        "CHI",
        4,
        -1
      ],
      [
        "CHI",
        3
      ],
      [
        [
          0.539859084801776,
          1.3579211532916733,
          -3.547472525804888e-16
        ],
        [
          [
            0.3694375452006953,
            0.9292555623702685,
            -7.914086231612463e-17
          ],
          [
            0.9292555623702685,
            -0.3694375452006953,
            -1.761670826097487e-16
          ],
          [
            -1.9294184732078692e-16,
            -8.459351973524745e-18,
            -1.0
          ]
        ]
      ]
    ]
  ],
  "ASN": [
    [
      [
        "PHI",
        1,
        -1
      ],
      [
        "BB",
        0
      ],
      [
        [
          -0.5587757327834412,
          1.3508964765859468,
          -2.39089720131769e-16
        ],
        [
          [
            -0.38222568765540815,
            0.9240451008399999,
            0.006646450928485892
          ],
          [
            0.924069003752615,
            0.38221580061539906,
            0.002749193259693399
          ],
          [
            -1.6354724682384175e-16,
            0.007192591572160524,
            -0.9999741329786868
          ]
        ]
      ]
    ],
    [
      [
        "PSI",
        1,
        -1
      ],
      [
        "BB",
        0
      ],
      [
        [
          1.5264000000000009,
          -3.0539063372919064e-16,
          -6.958252911002345e-18
        ],
        [
          [
            1.0000000000000004,
            -5.195358835978733e-20,
            4.558603846306752e-18
          ],
          [
            -5.1953588359795805e-20,
            0.9997402587162028,
            0.022790680157920795
          ],
          [
            -4.558603846306752e-18,
            -0.022790680157920795,
            0.9997402587162028
          ]
        ]
      ]
    ],
    [
      [
        "CHI",
        1,
        -1
      ],
      [
        "BB",
        0
      ],
      [
        [
          -0.5279546941346244,
          -0.8042555093772086,
          -1.1918648440899755
        ],
        [
          [
            -0.344685443712623,
            0.5388386660664403,
            -0.7686643200021526
          ],
          [
            -0.5250737803598672,
            -0.7894355030390077,
            -0.31794513948187225
          ],
          [
            -0.7781320389697562,
            0.294014418852696,
            0.5550369820430721
          ]
        ]
      ]
    ],
    [
      [
        "CHI",
        2,
        -1
      ],
      [
        "CHI",
        1
      ],
      [
        [
          0.5832263565454539,
          1.4012722280237755,
          -4.598980278692196e-16
        ],
        [
          [
            0.3842577128379587,
            0.9232258716720091,
            -4.887666984451468e-16
          ],
          [
            0.9232258716720091,
            -0.3842577128379586,
            -2.0351657128678358e-16
          ],
          [
            -3.7570413758183176e-16,
            -3.7303924900898785e-16,
            -1.0
          ]
        ]
      ]
    ]
  ],
  "ASP": [
    [
      [
        "PHI",
        1,
        -1
      ],
      [
        "BB",
        0
      ],
      [
        [
          -0.5442673900469804,
          1.3583150953042693,
          -2.413642849906086e-16
        ],
        [
          [
            -0.3719451855716397,
            0.9282250456129663,
            0.007419139228057071
          ],
          [
            0.9282546950756988,
            0.3719333052386053,
            0.002972797370808145
          ],
          [
            -1.6494518211617864e-16,
            0.00799256849161639,
            -0.9999680589143369
          ]
        ]
      ]
    ],
    [
      [
        "PSI",
        1,
        -1
      ],
      [
        "BB",
        0
      ],
      [
        [
          1.5278000000000007,
          5.830080418941544e-16,
          1.2817760619786317e-17
        ],
        [
          [
            1.0000000000000002,
            9.225943575518946e-20,
            -8.389684919352519e-18
          ],
          [
            9.225943575520287e-20,
            0.9997581713415187,
            0.021990880743236553
          ],
          [
            8.389684919352519e-18,
            -0.021990880743236553,
            0.9997581713415187
          ]
        ]
      ]
    ],
    [
      [
        "CHI",
        1,
        -1
      ],
      [
        "BB",
        0
      ],
      [
        [
          -0.5162479246183456,
          -0.794450248156244,
          -1.2038940499610988
        ],
        [
          [
            -0.3369764521007478,
            0.5264116846054077,
            -0.7806008000511465
          ],
          [
            -0.5185706580654331,
            -0.7957715322374422,
            -0.3127812991117882
          ],
          [
            -0.785831625300978,
            0.2993967381107733,
            0.5411379213153084
          ]
        ]
      ]
    ],
    [
      [
        "CHI",
        2,
        -1
      ],
      [
        "CHI",
        1
      ],
      [
        [
          0.593499719472076,
          1.3994506397106572,
          -4.784598710127195e-16
        ],
        [
          [
            0.39043465526746657,
            0.9206306425305291,
            -5.597243933855149e-16
          ],
          [
            0.9206306425305291,
            -0.3904346552674665,
            -2.481384447775166e-16
          ],
          [
            -4.469796564283165e-16,
            -4.1841757977720216e-16,
            -1.0
          ]
        ]
      ]
    ]
  ],
  "CYS": [
    [
      [
        "PHI",
        1,
        -1
      ],
      [
        "BB",
        0
      ],
      [
        [
          -0.544611311193146,
          1.3572075300853887,
          -2.387217443937601e-16
        ],
        [
          [
            -0.3724092664066918,
            0.9279439143746385,
            0.015212825822421769
          ],
          [
            0.9280686064588274,
            0.3723592307872598,
            0.0061045026898580304
          ],
          [
            -1.6323970486444214e-16,
            0.01639191942982354,
            -0.9998656434628636
          ]
        ]
      ]
    ],
    [
      [
        "PSI",
        1,
        -1
      ],
      [
        "BB",
        0
      ],
      [
        [
          1.5272000000000006,
          1.3048628861905108e-15,
          3.0252383878317434e-17
        ],
        [
          [
            1.0000000000000004,
            2.2972253532639727e-19,
            -1.980905177993618e-17
          ],
          [
            2.297225353264306e-19,
            0.9997310624651633,
            0.023190574427483315
          ],
          [
            1.980905177993618e-17,
            -0.023190574427483315,
            0.9997310624651633
          ]
        ]
      ]
    ],
    [
      [
        "CHI",
        1,
        -1
      ],
      [
        "BB",
        0
      ],
      [
        [
          -0.5232767867492164,
          -0.7916446094238304,
          -1.199903436456288
        ],
        [
          [
            -0.3420556848929379,
            0.5270144790716826,
            -0.7779804928667725
          ],
          [
            -0.517482422162263,
            -0.7967143670210657,
            -0.31218289532788357
          ],
          [
            -0.7843531418854014,
            0.2958072957704491,
            0.5452414076200318
          ]
        ]
      ]
    ],
    [
      [
        "XI",
        2,
        1
      ],
      [
        "CHI",
        1
      ],
      [
        [
          0.7230524508440818,
          1.6572328633382722,
          -7.555105966345642e-16
        ],
        [
          [
            0.39989627279690393,
            0.9152705763135943,
            0.048608056304753906
          ],
          [
            0.9165604022666184,
            -0.399333520369573,
            -0.02120774637012867
          ],
          [
            -4.174394343603537e-16,
            0.05303311836792017,
            -0.9985927540074458
          ]
        ]
      ]
    ]
  ],
  "GLN": [
    [
      [
        "PHI",
        1,
        -1
      ],
      [
        "BB",
        0
      ],
      [
        [
          -0.5401546348379372,
          1.3586645577415692,
          -2.412862994482553e-16
        ],
        [
          [
            -0.36943754520069555,
            0.929228067265169,
            0.007148370634117782
          ],
          [
            0.9292555623702687,
            0.3694266141667105,
            0.002841927028681881
          ],
          [
            -1.6502722074294198e-16,
            0.007692577718753974,
            -0.9999704116862865
          ]
        ]
      ]
    ],
    [
      [
        "PSI",
        1,
        -1
      ],
      [
        "BB",
        0
      ],
      [
        [
          1.5274000000000012,
          -5.552409156267937e-17,
          -1.1985399187618157e-18
        ],
        [
          [
            1.0000000000000002,
            -8.472130038954547e-21,
            7.846928890676124e-19
          ],
          [
            -8.472130038956133e-21,
            0.9997668877129287,
            0.021590975726098516
          ],
          [
            -7.846928890676124e-19,
            -0.021590975726098516,
            0.9997668877129287
          ]
        ]
      ]
    ],
    [
      [
        "CHI",
        1,
        -1
      ],
      [
        "BB",
        0
      ],
      [
        [
          -0.5282480339738258,
          -0.7915228271400825,
          -1.1997188498639846
        ],
        [
          [
            -0.3449670436712765,
            0.5249423472072791,
            -0.7780959265342627
          ],
          [
            -0.5168959884673691,
            -0.7982017378490286,
            -0.3093420805534431
          ],
          [
            -0.783464278628606,
            0.2954818400567178,
            0.5466938872071417
          ]
        ]
      ]
    ],
    [
      [
        "CHI",
        2,
        -1
      ],
      [
        "CHI",
        1
      ],
      [
        [
          0.6131923180687434,
          1.3955234398108398,
          1.3003448167622868e-17
        ],
        [
          [
            0.402277975509246,
            0.9155175751563607,
            -1.7743236569946553e-16
          ],
          [
            0.9155175751563607,
            -0.402277975509246,
            6.6228482404987665e-18
          ],
          [
            -6.531379890162718e-17,
            -1.651066751817241e-16,
            -1.0
          ]
        ]
      ]
    ],
    [
      [
        "CHI",
        3,
        -1
      ],
      [
        "CHI",
        2
      ],
      [
        [
          0.5899687630933621,
          1.400074765351512,
          -1.023830104833115e-15
        ],
        [
          [
            0.3883161739573236,
            0.9215262063789319,
            -5.855005759283552e-16
          ],
          [
            0.9215262063789319,
            -0.38831617395732354,
            -5.111039068351893e-16
          ],
          [
            -6.983549878255914e-16,
            -3.4108421097105597e-16,
            -1.0
          ]
        ]
      ]
    ]
  ],
  "GLU": [
    [
      [
        "PHI",
        1,
        -1
      ],
      [
        "BB",
        0
      ],
      [
        [
          -0.5417846430046404,
          1.3580153940969641,
          -2.3910547832293696e-16
        ],
        [
          [
            -0.37055238561291315,
            0.9287679389220573,
            0.00900250782019112
          ],
          [
            0.9288115683585014,
            0.37053497950783426,
            0.0035915796733304423
          ],
          [
            -1.6353565304899353e-16,
            0.00969250182370283,
            -0.9999530266009486
          ]
        ]
      ]
    ],
    [
      [
        "PSI",
        1,
        -1
      ],
      [
        "BB",
        0
      ],
      [
        [
          1.5276000000000005,
          -2.498546978183962e-16,
          -5.218608962978408e-18
        ],
        [
          [
            1.0000000000000002,
            -3.568818914372094e-20,
            3.416214298886234e-18
          ],
          [
            -3.56881891437265e-20,
            0.9997817564518251,
            0.020891133672055823
          ],
          [
            -3.416214298886234e-18,
            -0.020891133672055823,
            0.9997817564518251
          ]
        ]
      ]
    ],
    [
      [
        "CHI",
        1,
        -1
      ],
      [
        "BB",
        0
      ],
      [
        [
          -0.5293521904467221,
          -0.7923097902234799,
          -1.1996063749352466
        ],
        [
          [
            -0.34553015042214263,
            0.526017885147978,
            -0.7771191026179322
          ],
          [
            -0.5171734923129763,
            -0.7977533347699078,
            -0.3100341847478946
          ],
          [
            -0.7830328818115185,
            0.29477924175209574,
            0.5476903364438779
          ]
        ]
      ]
    ],
    [
      [
        "CHI",
        2,
        -1
      ],
      [
        "CHI",
        1
      ],
      [
        [
          0.6142061795851691,
          1.3944219085195813,
          -2.853947802704542e-16
        ],
        [
          [
            0.403101778293082,
            0.9151551542426866,
            -3.0754125966871514e-16
          ],
          [
            0.9151551542426866,
            -0.40310177829308197,
            -3.2305452541439935e-16
          ],
          [
            -4.19615442705366e-16,
            -1.5122411524794105e-16,
            -1.0000000000000002
          ]
        ]
      ]
    ],
    [
      [
        "CHI",
        3,
        -1
      ],
      [
        "CHI",
        2
      ],
      [
        [
          0.6038937921414204,
          1.3978295954132092,
          -2.720731217380755e-16
        ],
        [
          [
            0.3965940711508637,
            0.9179940864341032,
            -2.9887320270587064e-16
          ],
          [
            0.9179940864341032,
            -0.39659407115086365,
            -7.398741618468507e-17
          ],
          [
            -1.864513507470983e-16,
            -2.4502086207899275e-16,
            -1.0
          ]
        ]
      ]
    ]
  ],
  "GLY": [
    [
      [
        "PHI",
        1,
        -1
      ],
      [
        "BB",
        0
      ],
      [
        [
          -0.5684914801725917,
          1.3434712043699235,
          -2.3918489415275553e-16
        ],
        [
          [
            -0.3896980258929201,
            0.9209140111752934,
            0.007268606206964845
          ],
          [
            0.9209426956196354,
            0.3896858880352803,
            0.003075719589633357
          ],
          [
            -1.6396003163747985e-16,
            0.007892571645920122,
            -0.9999688531713442
          ]
        ]
      ]
    ],
    [
      [
        "PSI",
        1,
        -1
      ],
      [
        "BB",
        0
      ],
      [
        [
          1.5189000000000001,
          1.388050602476699e-16,
          2.7466031286303883e-18
        ],
        [
          [
            1.0000000000000002,
            1.7895957288317367e-20,
            -1.808284369366321e-18
          ],
          [
            1.7895957288320383e-20,
            0.9998041318263284,
            0.019791361322615955
          ],
          [
            1.808284369366321e-18,
            -0.019791361322615955,
            0.9998041318263284
          ]
        ]
      ]
    ]
  ],
  "HSD": [
    [
      [
        "PHI",
        1,
        -1
      ],
      [
        "BB",
        0
      ],
      [
        [
          -0.5483803234931416,
          1.3548260334100306,
          -2.36189132859941e-16
        ],
        [
          [
            -0.37519179220931953,
            0.9268961780105754,
            0.00972595744114727
          ],
          [
            0.9269472040298516,
            0.3751711388824221,
            0.003936685269054366
          ],
          [
            -1.615962868499871e-16,
            0.010492461058045324,
            -0.9999449526153659
          ]
        ]
      ]
    ],
    [
      [
        "PSI",
        1,
        -1
      ],
      [
        "BB",
        0
      ],
      [
        [
          1.5275000000000014,
          6.107798788601216e-16,
          1.3855459346559864e-17
        ],
        [
          [
            1.0000000000000004,
            1.0292328398373034e-19,
            -9.070677149957677e-18
          ],
          [
            1.02923283983745e-19,
            0.9997425327855135,
            0.02269070601826046
          ],
          [
            9.070677149957677e-18,
            -0.02269070601826046,
            0.9997425327855135
          ]
        ]
      ]
    ],
    [
      [
        "CHI",
        1,
        -1
      ],
      [
        "BB",
        0
      ],
      [
        [
          -0.5307549192103449,
          -0.7943625462935883,
          -1.1974994658787914
        ],
        [
          [
            -0.34646838514938644,
            0.5303688560317107,
            -0.7737367347125192
          ],
          [
            -0.5185472591511117,
            -0.7956306584746623,
            -0.31317821655096956
          ],
          [
            -0.7817086401715456,
            0.2927127121373282,
            0.5506821860514132
          ]
        ]
      ]
    ],
    [
      [
        "CHI",
        2,
        -1
      ],
      [
        "CHI",
        1
      ],
      [
        [
          0.5991305137273916,
          1.3713332481642642,
          -7.235724600118272e-16
        ],
        [
          [
            0.4003545029919087,
            -1.2095622174480882e-16,
            0.916360339568503
          ],
          [
            0.9163603395685028,
            7.673972177928808e-16,
            -0.40035450299190883
          ],
          [
            -6.702839362753711e-16,
            1.0,
            4.600238859136302e-16
          ]
        ]
      ]
    ]
  ],
  "HSE": [
    [
      [
        "PHI",
        1,
        -1
      ],
      [
        "BB",
        0
      ],
      [
        [
          -0.5483803234931416,
          1.3548260334100306,
          -2.36189132859941e-16
        ],
        [
          [
            -0.37519179220931953,
            0.9268961780105754,
            0.00972595744114727
          ],
          [
            0.9269472040298516,
            0.3751711388824221,
            0.003936685269054366
          ],
          [
            -1.615962868499871e-16,
            0.010492461058045324,
            -0.9999449526153659
          ]
        ]
      ]
    ],
    [
      [
        "PSI",
        1,
        -1
      ],
      [
        "BB",
        0
      ],
      [
        [
          1.5275000000000014,
          6.107798788601216e-16,
          1.3855459346559864e-17
        ],
        [
          [
            1.0000000000000004,
            1.0292328398373034e-19,
            -9.070677149957677e-18
          ],
          [
            1.02923283983745e-19,
            0.9997425327855135,
            0.02269070601826046
          ],
          [
            9.070677149957677e-18,
            -0.02269070601826046,
            0.9997425327855135
          ]
        ]
      ]
    ],
    [
      [
        "CHI",
        1,
        -1
      ],
      [
        "BB",
        0
      ],
      [
        [
          -0.5307549192103449,
          -0.7943625462935883,
          -1.1974994658787914
        ],
        [
          [
            -0.34646838514938644,
            0.5303688560317107,
            -0.7737367347125192
          ],
          [
            -0.5185472591511117,
            -0.7956306584746623,
            -0.31317821655096956
          ],
          [
            -0.7817086401715456,
            0.2927127121373282,
            0.5506821860514132
          ]
        ]
      ]
    ],
    [
      [
        "CHI",
        2,
        -1
      ],
      [
        "CHI",
        1
      ],
      [
        [
          0.5991305137273916,
          1.3713332481642642,
          -7.235724600118272e-16
        ],
        [
          [
            0.4003545029919087,
            -1.2095622174480882e-16,
            0.916360339568503
          ],
          [
            0.9163603395685028,
            7.673972177928808e-16,
            -0.40035450299190883
          ],
          [
            -6.702839362753711e-16,
            1.0,
            4.600238859136302e-16
          ]
        ]
      ]
    ]
  ],
  "ILE": [
    [
      [
        "PHI",
        1,
        -1
      ],
      [
        "BB",
        0
      ],
      [
        [
          -0.5231718874271589,
          1.3658293949852973,
          -2.39316064268069e-16
        ],
        [
          [
            -0.3576999093581013,
            0.9338230106572418,
            0.005035832825968368
          ],
          [
            0.9338365889411308,
            0.3576947082865501,
            0.001928942351074261
          ],
          [
            -1.6362372779164967e-16,
            0.0053926274528163405,
            -0.9999854596788672
          ]
        ]
      ]
    ],
    [
      [
        "PSI",
        1,
        -1
      ],
      [
        "BB",
        0
      ],
      [
        [
          1.5302,
          8.329089201176066e-16,
          2.0059223340740824e-17
        ],
        [
          [
            1.0,
            1.5792161072999226e-19,
            -1.3108889910300216e-17
          ],
          [
            1.5792161073001022e-19,
            0.9997097860599429,
            0.02409032287005453
          ],
          [
            1.3108889910300216e-17,
            -0.02409032287005453,
            0.9997097860599429
          ]
        ]
      ]
    ],
    [
      [
        "CHI",
        1,
        -1
      ],
      [
        "BB",
        0
      ],
      [
        [
          -0.5499564536151437,
          -0.8138241930989096,
          -1.1969881544334369
        ],
        [
          [
            -0.3551772498160319,
            0.5227137485701979,
            -0.7749964246813092
          ],
          [
            -0.5255904114562835,
            -0.7972643848972739,
            -0.2968572383479747
          ],
          [
            -0.773048407668197,
            0.301893752220982,
            0.5579035057889506
          ]
        ]
      ]
    ],
    [
      [
        "CHI",
        2,
        -1
      ],
      [
        "CHI",
        1
      ],
      [
        [
          0.5262232257026944,
          1.4411310685468726,
          -3.7951830167970497e-16
        ],
        [
          [
            0.3429951933924485,
            0.9393371584844694,
            -2.765570274296949e-16
          ],
          [
            0.9393371584844694,
            -0.3429951933924485,
            -3.1589820341715976e-16
          ],
          [
            -3.915926518755126e-16,
            -1.514287269313253e-16,
            -1.0000000000000002
          ]
        ]
      ]
    ],
    [
      [
        "XI",
        2,
        2
      ],
      [
        "CHI",
        1
      ],
      [
        [
          0.5446287948679035,
          -0.7787062601774046,
          -1.2034581821406398
        ],
        [
          [
            0.3551772498160318,
            0.9240430708882533,
            -0.14139845952670854
          ],
          [
            -0.5078298292535571,
            0.06373587796839425,
            -0.8590963871300477
          ],
          [
            -0.7848299087913397,
            0.37693784766590366,
            0.4918941687635388
          ]
        ]
      ]
    ],
    [
      [
        "XI",
        3,
        1
      ],
      [
        "CHI",
        2
      ],
      [
        [
          0.6217005567612064,
          1.3925205268586924,
          -1.1252511920484588e-16
        ],
        [
          [
            0.4076724962368561,
            0.9116865839202278,
            -0.05129043294686216
          ],
          [
            0.9131282143335683,
            -0.4070288702268039,
            0.022898973555183225
          ],
          [
            -3.25321431114672e-16,
            -0.05617002315966716,
            -0.9984212179727767
          ]
        ]
      ]
    ]
  ],
  "LEU": [
    [
      [
        "PHI",
        1,
        -1
      ],
      [
        "BB",
        0
      ],
      [
        [
          -0.5405622098921868,
          1.3585024502136445,
          -2.3842788100342224e-16
        ],
        [
          [
            -0.36971630524053545,
            0.9291326405781327,
            0.004731791584007449
          ],
          [
            0.9291446892918712,
            0.36971151093241783,
            0.0018828289304872597
          ],
          [
            -1.6307221188935416e-16,
            0.00509263157669623,
            -0.999987032467734
          ]
        ]
      ]
    ],
    [
      [
        "PSI",
        1,
        -1
      ],
      [
        "BB",
        0
      ],
      [
        [
          1.5275000000000012,
          -3.6090047818677567e-16,
          -7.501916313094533e-18
        ],
        [
          [
            1.0000000000000004,
            -5.1060676660900324e-20,
            4.911238175512127e-18
          ],
          [
            -5.1060676660906896e-20,
            0.99978384056628,
            0.020791155392134317
          ],
          [
            -4.911238175512127e-18,
            -0.020791155392134317,
            0.99978384056628
          ]
        ]
      ]
    ],
    [
      [
        "CHI",
        1,
        -1
      ],
      [
        "BB",
        0
      ],
      [
        [
          -0.5294212964768067,
          -0.7916932245418498,
          -1.2002382134607048
        ],
        [
          [
            -0.34553015042214275,
            0.5251387751959448,
            -0.77771343175681
          ],
          [
            -0.5167035795208522,
            -0.7982805096666561,
            -0.3094602378281931
          ],
          [
            -0.7833430449423735,
            0.29491947150374215,
            0.5471710694731254
          ]
        ]
      ]
    ],
    [
      [
        "CHI",
        2,
        -1
      ],
      [
        "CHI",
        1
      ],
      [
        [
          0.6710148424814765,
          1.3771189822123424,
          -3.8712874664394567e-16
        ],
        [
          [
            0.4380278363349282,
            0.8989614088467542,
            -3.2531313038161736e-16
          ],
          [
            0.8989614088467541,
            -0.43802783633492814,
            -8.089991610696095e-17
          ],
          [
            -2.152221091915002e-16,
            -2.570075347921974e-16,
            -0.9999999999999998
          ]
        ]
      ]
    ],
    [
      [
        "XI",
        3,
        1
      ],
      [
        "CHI",
        2
      ],
      [
        [
          0.5309229806535346,
          1.4313030247344452,
          -5.286047320304911e-16
        ],
        [
          [
            0.3477813314905896,
            0.9365578451088543,
            0.04367548776708608
          ],
          [
            0.9375756745279996,
            -0.34740378109093906,
            -0.016200846184267037
          ],
          [
            -3.7541455109736827e-16,
            0.04658342676080374,
            -0.9989144029150954
          ]
        ]
      ]
    ],
    [
      [
        "XI",
        3,
        2
      ],
      [
        "CHI",
        2
      ],
      [
        [
          0.5369954589490109,
          -0.7771445913101732,
          1.2005181886441725
        ],
        [
          [
            0.35152884194095996,
            0.9360228334573707,
            0.016992013714757722
          ],
          [
            -0.5087356580977829,
            0.1757591093577563,
            0.8427910569397281
          ],
          [
            0.7858851719325559,
            -0.3049098075238041,
            0.5379725883465936
          ]
        ]
      ]
    ]
  ],
  "LYS": [
    [
      [
        "PHI",
        1,
        -1
      ],
      [
        "BB",
        0
      ],
      [
        [
          -0.5404383107802742,
          1.3589822229304407,
          -2.4044061566963435e-16
        ],
        [
          [
            -0.3695304689095892,
            0.9292070328679453,
            0.004639247375226746
          ],
          [
            0.9292186139695326,
            0.36952586335193494,
            0.0018449299574741045
          ],
          [
            -1.6440383977410908e-16,
            0.004992632848160744,
            -0.9999875367309552
          ]
        ]
      ]
    ],
    [
      [
        "PSI",
        1,
        -1
      ],
      [
        "BB",
        0
      ],
      [
        [
          1.5278000000000003,
          -1.0271740342831739e-15,
          -2.1146260680068085e-17
        ],
        [
          [
            1.0,
            -1.4251636660825132e-19,
            1.3840987485318084e-17
          ],
          [
            -1.425163666082753e-19,
            0.9997879788016539,
            0.020591198209521728
          ],
          [
            -1.3840987485318084e-17,
            -0.020591198209521728,
            0.9997879788016539
          ]
        ]
      ]
    ],
    [
      [
        "CHI",
        1,
        -1
      ],
      [
        "BB",
        0
      ],
      [
        [
          -0.5282422505210146,
          -0.7897174069647379,
          -1.2014205890950036
        ],
        [
          [
            -0.34487318046681115,
            0.5242893266510968,
            -0.7785776720112426
          ],
          [
            -0.5155822987299978,
            -0.798941808319882,
            -0.3096237719472591
          ],
          [
            -0.7843706921035473,
            0.2946399308958248,
            0.5458478986775586
          ]
        ]
      ]
    ],
    [
      [
        "CHI",
        2,
        -1
      ],
      [
        "CHI",
        1
      ],
      [
        [
          0.6177430517743531,
          1.3918740467386068,
          -6.1089852585644e-16
        ],
        [
          [
            0.40566262921877677,
            0.9140228833324192,
            -6.16211215264892e-16
          ],
          [
            0.9140228833324193,
            -0.40566262921877677,
            -5.231519714529738e-16
          ],
          [
            -7.281467351069402e-16,
            -3.5100794749759095e-16,
            -1.0000000000000002
          ]
        ]
      ]
    ],
    [
      [
        "CHI",
        3,
        -1
      ],
      [
        "CHI",
        2
      ],
      [
        [
          0.5591017185349544,
          1.418705493868006,
          -1.4376089642908403e-16
        ],
        [
          [
            0.3666481202275258,
            0.9303596916965085,
            -4.081839276498467e-16
          ],
          [
            0.9303596916965085,
            -0.3666481202275258,
            -1.5541070546285353e-16
          ],
          [
            -2.9424772580066193e-16,
            -3.2277683006259224e-16,
            -1.0
          ]
        ]
      ]
    ],
    [
      [
        "CHI",
        4,
        -1
      ],
      [
        "CHI",
        3
      ],
      [
        [
          0.5606034734689224,
          1.4162845708171001,
          -4.505819699621477e-16
        ],
        [
          [
            0.36804324676268557,
            0.9298086730679496,
            -1.8378255638188717e-16
          ],
          [
            0.9298086730679496,
            -0.3680432467626855,
            -2.4737492327645056e-16
          ],
          [
            -2.976512779110984e-16,
            -7.983794495214292e-17,
            -1.0
          ]
        ]
      ]
    ],
    [
      [
        "XI",
        5,
        1
      ],
      [
        "CHI",
        4
      ],
      [
        [
          0.5533463067039043,
          1.3886089819877847,
          -5.0781015610050936e-17
        ],
        [
          [
            0.370180831351287,
            0.9289588094766198,
            0.0012970720301408042
          ],
          [
            0.9289597150038693,
            -0.37018047050805053,
            -0.0005168697788345263
          ],
          [
            -2.100102391919128e-16,
            0.0013962629478884128,
            -0.9999990252244151
          ]
        ]
      ]
    ]
  ],
  "MET": [
    [
      [
        "PHI",
        1,
        -1
      ],
      [
        "BB",
        0
      ],
      [
        [
          -0.5401546348379377,
          1.3586645577415692,
          -2.390880012356562e-16
        ],
        [
          [
            -0.36943754520069594,
            0.9292448901096664,
            0.004453582957326653
          ],
          [
            0.9292555623702684,
            0.36943330230571825,
            0.0017705793989604996
          ],
          [
            -1.635236996345368e-16,
            0.004792635242308113,
            -0.9999885152577674
          ]
        ]
      ]
    ],
    [
      [
        "PSI",
        1,
        -1
      ],
      [
        "BB",
        0
      ],
      [
        [
          1.5272000000000012,
          7.495784871384471e-16,
          1.6330133748104638e-17
        ],
        [
          [
            1.0000000000000002,
            1.1651749375727661e-19,
            -1.0692858661671842e-17
          ],
          [
            1.16517493757294e-19,
            0.9997625495224746,
            0.021790928670482112
          ],
          [
            1.0692858661671842e-17,
            -0.021790928670482112,
            0.9997625495224746
          ]
        ]
      ]
    ],
    [
      [
        "CHI",
        1,
        -1
      ],
      [
        "BB",
        0
      ],
      [
        [
          -0.5289265147732389,
          -0.7940792324149207,
          -1.198112463259258
        ],
        [
          [
            -0.3453424619830498,
            0.5258504964220221,
            -0.7773157912741768
          ],
          [
            -0.5184638498399847,
            -0.7973045240466449,
            -0.3090319277095094
          ],
          [
            -0.7822619895920984,
            0.2962882909388538,
            0.5479775800997204
          ]
        ]
      ]
    ],
    [
      [
        "CHI",
        2,
        -1
      ],
      [
        "CHI",
        1
      ],
      [
        [
          0.6109536275257965,
