{
  "ALA": [
    [
      [
        "PHI",
        1,
        -1
      ],
      [
        "BB",
        0
      ],
      [
        [
          -0.5266776053720112,
          1.363945420462125,
          -2.4132930423099467e-16
        ],
        [
          [
            -0.3602199612694145,
            0.9328673965269993,
            -5.081332664860917e-17
          ],
          [
            0.9328673965269993,
            0.36021996126941447,
            -1.965559188874555e-16
          ],
          [
            -1.6505663376718063e-16,
            -1.182054612284774e-16,
            -1.0
          ]
        ]
      ]
    ],
    [
      [
        "PSI",
        1,
        -1
      ],
      [
        "BB",
        0
      ],
      [
        [
          1.5262999999999993,
          2.220446049250313e-16,
          -1.5045213790972092e-31
        ],
        [
          [
            1.0,
            0.0,
            0.0
          ],
          [
            0.0,
            1.0,
            0.0
          ],
          [
            0.0,
            0.0,
            1.0
          ]
        ]
      ]
    ],
    [
      [
        "XI",
        1,
        1
      ],
      [
        "BB",
        0
      ],
      [
        [
          -0.528652347331411,
          -0.7758742568201663,
          -1.2054145524527005
        ],
        [
          [
            -0.3459993110356772,
            -0.9371542824994732,
            -0.045014748202493564
          ],
          [
            -0.5078043437529721,
            0.14670738145783252,
            0.8488885042756787
          ],
          [
            -0.7889355013107534,
            0.31657352229566393,
            -0.5266516683281909
          ]
        ]
      ]
    ]
  ],
  "ARG": [
    [
      [
        "PHI",
        1,
        -1
      ],
      [
        "BB",
        0
      ],
      [
        [
          -0.525435061126939,
          1.3635672651316206,
          -2.41188569939497e-16
        ],
        [
          [
            -0.35956686589128795,
            0.9331193219267921,
            -5.0776528620366973e-17
          ],
          [
            0.933119321926792,
            0.35956686589128795,
            -1.9644673585875279e-16
          ],
          [
            -1.6505068770238635e-16,
            -1.180162970833386e-16,
            -0.9999999999999999
          ]
        ]
      ]
    ],
    [
      [
        "PSI",
        1,
        -1
      ],
      [
        "BB",
        0
      ],
      [
        [
          1.5259000000000003,
          6.106226635438361e-16,
          -4.1990635507377166e-31
        ],
        [
          [
            1.0,
            0.0,
            0.0
          ],
          [
            0.0,
            1.0,
            0.0
          ],
          [
            0.0,
            0.0,
            1.0
          ]
        ]
      ]
    ],
    [
      [
        "CHI",
        1,
        -1
      ],
      [
        "BB",
        0
      ],
      [
        [
          -0.5241803191830445,
          -0.7797410609381384,
          -1.2095608421523203
        ],
        [
          [
            -0.3422436139873627,
            0.5128560421117159,
            -0.7873042542463332
          ],
          [
            -0.5091022858044775,
            -0.8054664669212367,
            -0.30337869611110846
          ],
          [
            -0.7897367734084092,
            0.29698897409655817,
            0.5367619379124686
          ]
        ]
      ]
    ],
    [
      [
        "CHI",
        2,
        -1
      ],
      [
        "CHI",
        1
      ],
      [
        [
          0.6166418319950133,
          1.391268518666987,
          -4.784935114031586e-16
        ],
        [
          [
            0.4052055670883253,
            0.9142256003857193,
            -5.90690174052847e-16
          ],
          [
            0.9142256003857193,
            -0.4052055670883253,
            -2.618378674587233e-16
          ],
          [
            -4.787298285317532e-16,
            -4.3392591744659917e-16,
            -1.0000000000000002
          ]
        ]
      ]
    ],
    [
      [
        "CHI",
        3,
        -1
      ],
      [
        "CHI",
        2
      ],
      [
        [
          0.5649842993753816,
          1.4141119409223981,
          -6.930817383183246e-16
        ],
        [
          [
            0.37101674505869536,
            0.9286261760719711,
            -5.145761258086078e-16
          ],
          [
            0.9286261760719711,
            -0.37101674505869536,
            -4.710008022704981e-16
          ],
          [
            -6.283000332217065e-16,
            -3.0309967542914255e-16,
            -1.0000000000000002
          ]
        ]
      ]
    ],
    [
      [
        "CHI",
        4,
        -1
      ],
      [
        "CHI",
        3
      ],
      [
        [
          0.5397232899873776,
          1.3579751324104583,
          -1.716916177820731e-16
        ],
        [
          [
            0.36934461779742517,
            0.9292925014784496,
            -4.274592347619385e-16
          ],
          [
            0.9292925014784496,
            -0.36934461779742517,
            -1.676264018984994e-16
          ],
          [
            -3.1365372602121643e-16,
            -3.353227522100267e-16,
            -1.0
          ]
        ]
      ]
    ]
  ],
  "ASN": [
    [
      [
        "PHI",
        1,
        -1
      ],
      [
        "BB",
        0
      ],
      [
        [
          -0.5382913621915183,
          1.3583282443467035,
          -2.4112037545850543e-16
        ],
        [
          [
            -0.36841514077853527,
            0.9296613813884774,
            -5.117592347918841e-17
          ],
          [
            0.9296613813884774,
            0.36841514077853527,
            -1.9779308435770937e-16
          ],
          [
            -1.650266069800189e-16,
            -1.204462467341596e-16,
            -1.0000000000000002
          ]
        ]
      ]
    ],
    [
      [
        "PSI",
        1,
        -1
      ],
      [
        "BB",
        0
      ],
      [
        [
          1.5261000000000002,
          3.3306690738754696e-16,
          -2.626560617968163e-31
        ],
        [
          [
            1.0,
            0.0,
            0.0
          ],
          [
            0.0,
            1.0,
            0.0
          ],
          [
            0.0,
            0.0,
            1.0
          ]
        ]
      ]
    ],
    [
      [
        "CHI",
        1,
        -1
      ],
      [
        "BB",
        0
      ],
      [
        [
          -0.531641842614788,
          -0.7897931768388626,
          -1.2012741273331116
        ],
        [
          [
            -0.3468435820816729,
            0.5235994807587228,
            -0.778166507450655
          ],
          [
            -0.5152617281046861,
            -0.7996296396659,
            -0.30837929716236767
          ],
          [
            -0.7837122438237943,
            0.2940000393145883,
            0.5471371818508538
          ]
        ]
      ]
    ],
    [
      [
        "CHI",
        2,
        -1
      ],
      [
        "CHI",
        1
      ],
      [
        [
          0.5848162425537224,
          1.3999592145649613,
          -4.0725269992428475e-16
        ],
        [
          [
            0.3854575814353565,
            0.9227255566602705,
            2.5666689354858518e-17
          ],
          [
            0.9227255566602705,
            -0.38545758143535647,
            -1.0537046458837952e-16
          ],
          [
            -8.733460059068735e-17,
            6.42991546575447e-17,
            -1.0000000000000002
          ]
        ]
      ]
    ]
  ],
  "ASP": [
    [
      [
        "PHI",
        1,
        -1
      ],
      [
        "BB",
        0
      ],
      [
        [
          -0.5263688024181247,
          1.3639574347614032,
          -2.413956291854381e-16
        ],
        [
          [
            -0.3600333805869524,
            0.9329394218614254,
            -5.0861161778426504e-17
          ],
          [
            0.9329394218614255,
            0.36003338058695245,
            -1.9660977033880343e-16
          ],
          [
            -1.651132894565241e-16,
            -1.1823646313626934e-16,
            -1.0000000000000002
          ]
        ]
      ]
    ],
    [
      [
        "PSI",
        1,
        -1
      ],
      [
        "BB",
        0
      ],
      [
        [
          1.5271999999999994,
          -6.661338147750939e-16,
          4.760083170173193e-31
        ],
        [
          [
            1.0,
            0.0,
            0.0
          ],
          [
            0.0,
            1.0,
            0.0
          ],
          [
            0.0,
            0.0,
            1.0
          ]
        ]
      ]
    ],
    [
      [
        "CHI",
        1,
        -1
      ],
      [
        "BB",
        0
      ],
      [
        [
          -0.526140625868078,
          -0.7807137891055383,
          -1.2094756348565359
        ],
        [
          [
            -0.34327697910098404,
            0.5135298806925872,
            -0.7864146344360333
          ],
          [
            -0.509371559408585,
            -0.8052551822171979,
            -0.30348757137321786
          ],
          [
            -0.7891143960700306,
            0.2963969519887222,
            0.5380030824882198
          ]
        ]
      ]
    ],
    [
      [
        "CHI",
        2,
        -1
      ],
      [
        "CHI",
        1
      ],
      [
        [
          0.5939648336222534,
          1.3986014537458804,
          -3.3475848398111906e-16
        ],
        [
          [
            0.39089492176522095,
            0.9204353101322016,
            -2.651451306702792e-16
          ],
          [
            0.9204353101322016,
            -0.390894921765221,
            -2.9792648997642754e-16
          ],
          [
            -3.7786594630783934e-16,
            -1.2759098858741899e-16,
            -1.0000000000000002
          ]
        ]
      ]
    ]
  ],
  "CYS": [
    [
      [
        "PHI",
        1,
        -1
      ],
      [
        "BB",
        0
      ],
      [
        [
          -0.5230667697772861,
          1.3635135915548304,
          -2.410949367106958e-16
        ],
        [
          [
            -0.35816678292062865,
            0.9336576222643324,
            -5.074820676632592e-17
          ],
          [
            0.9336576222643325,
            0.35816678292062865,
            -1.9628673960686757e-16
          ],
          [
            -1.6508828862688028e-16,
            -1.1768484011859756e-16,
            -0.9999999999999999
          ]
        ]
      ]
    ],
    [
      [
        "PSI",
        1,
        -1
      ],
      [
        "BB",
        0
      ],
      [
        [
          1.5246999999999997,
          3.885780586188048e-16,
          -2.6945421716405078e-31
        ],
        [
          [
            1.0,
            0.0,
            0.0
          ],
          [
            0.0,
            1.0,
            0.0
          ],
          [
            0.0,
            0.0,
            1.0
          ]
        ]
      ]
    ],
    [
      [
        "CHI",
        1,
        -1
      ],
      [
        "BB",
        0
      ],
      [
        [
          -0.520139051802002,
          -0.7746989088113587,
          -1.2128953200820776
        ],
        [
          [
            -0.33989351878847424,
            0.5098648079414416,
            -0.7902596241162942
          ],
          [
            -0.5062398933616669,
            -0.8073518851281848,
            -0.3031568965884413
          ],
          [
            -0.7925866301261697,
            0.29701988351422465,
            0.5325275791378689
          ]
        ]
      ]
    ],
    [
      [
        "XI",
        2,
        1
      ],
      [
        "CHI",
        1
      ],
      [
        [
          0.7305468127878233,
          1.6536148869448273,
          -6.568491907620396e-16
        ],
        [
          [
            0.404108204883186,
            0.9134239650525201,
            0.04850998674316843
          ],
          [
            0.9147111887071733,
            -0.4035395252313057,
            -0.02143111826301802
          ],
          [
            -2.7928726793778255e-16,
            0.05303311836792026,
            -0.9985927540074456
          ]
        ]
      ]
    ]
  ],
  "GLN": [
    [
      [
        "PHI",
        1,
        -1
      ],
      [
        "BB",
        0
      ],
      [
        [
          -0.5281249997309251,
          1.3624204287440829,
          -2.411135253931824e-16
        ],
        [
          [
            -0.3614323841574903,
            0.9323983224364106,
            -5.0824762987778667e-17
          ],
          [
            0.9323983224364106,
            0.36143238415749035,
            -1.966759655677184e-16
          ],
          [
            -1.6501062509798967e-16,
            -1.184739868896499e-16,
            -1.0000000000000002
          ]
        ]
      ]
    ],
    [
      [
        "PSI",
        1,
        -1
      ],
      [
        "BB",
        0
      ],
      [
        [
          1.5259999999999994,
          6.661338147750939e-16,
          -5.992678334581024e-31
        ],
        [
          [
            1.0,
            0.0,
            0.0
          ],
          [
            0.0,
            1.0,
            0.0
          ],
          [
            0.0,
            0.0,
            1.0
          ]
        ]
      ]
    ],
    [
      [
        "CHI",
        1,
        -1
      ],
      [
        "BB",
        0
      ],
      [
        [
          -0.5244338872639115,
          -0.781446549149076,
          -1.2082229259173436
        ],
        [
          [
            -0.34243152939204136,
            0.5149174182294075,
            -0.7858757535909788
          ],
          [
            -0.5102491342795139,
            -0.8042658010129476,
            -0.30463476867883693
          ],
          [
            -0.7889147410495221,
            0.2966758731763727,
            0.5381421351555764
          ]
        ]
      ]
    ],
    [
      [
        "CHI",
        2,
        -1
      ],
      [
        "CHI",
        1
      ],
      [
        [
          0.616018408551506,
          1.3936222624246757,
          -4.535443730583278e-16
        ],
        [
          [
            0.40429113903754405,
            0.9146303487725113,
            -4.331455947645842e-16
          ],
          [
            0.9146303487725111,
            -0.40429113903754405,
            -1.5964783606989816e-16
          ],
          [
            -3.211356818618558e-16,
            -3.3162390091923007e-16,
            -1.0
          ]
        ]
      ]
    ],
    [
      [
        "CHI",
        3,
        -1
      ],
      [
        "CHI",
        2
      ],
      [
        [
          0.5882197385686275,
          1.3998343113233997,
          -6.194299053813997e-16
        ],
        [
          [
            0.38739445374646164,
            0.9219140617251051,
            -3.0774741655731254e-16
          ],
          [
            0.921914061725105,
            -0.38739445374646164,
            -3.269607192477622e-16
          ],
          [
            -4.206493270353709e-16,
            -1.570539015542228e-16,
            -1.0000000000000002
          ]
        ]
      ]
    ]
  ],
  "GLU": [
    [
      [
        "PHI",
        1,
        -1
      ],
      [
        "BB",
        0
      ],
      [
        [
          -0.5297595236030869,
          1.3617856979539147,
          -2.410794123941088e-16
        ],
        [
          [
            -0.362551001644598,
            0.9319639323528025,
            -5.085461455086119e-17
          ],
          [
            0.9319639323528025,
            0.362551001644598,
            -1.9681520313680214e-16
          ],
          [
            -1.649872792185251e-16,
            -1.1875021559123928e-16,
            -1.0
          ]
        ]
      ]
    ],
    [
      [
        "PSI",
        1,
        -1
      ],
      [
        "BB",
        0
      ],
      [
        [
          1.5263000000000004,
          1.1102230246251565e-16,
          -6.290011731078215e-32
        ],
        [
          [
            1.0,
            0.0,
            0.0
          ],
          [
            0.0,
            1.0,
            0.0
          ],
          [
            0.0,
            0.0,
            1.0
          ]
        ]
      ]
    ],
    [
      [
        "CHI",
        1,
        -1
      ],
      [
        "BB",
        0
      ],
      [
        [
          -0.5257907569766965,
          -0.782853215305636,
          -1.2074830570916932
        ],
        [
          [
            -0.3431830539629898,
            0.5162758967755171,
            -0.7846557142347663
          ],
          [
            -0.5109674403143631,
            -0.803577944552438,
            -0.30524541268865396
          ],
          [
            -0.7881228751985464,
            0.29617846889589133,
            0.539574506580196
          ]
        ]
      ]
    ],
    [
      [
        "CHI",
        2,
        -1
      ],
      [
        "CHI",
        1
      ],
      [
        [
          0.6165710830843706,
          1.3926123292230912,
          -4.039534490894422e-16
        ],
        [
          [
            0.404839844441478,
            0.9143876094701852,
            -2.3585395404207847e-16
          ],
          [
            0.914387609470185,
            -0.404839844441478,
            -3.1048856930005684e-17
          ],
          [
            -1.2387376813031228e-16,
            -2.0309211881099786e-16,
            -1.0
          ]
        ]
      ]
    ],
    [
      [
        "CHI",
        3,
        -1
      ],
      [
        "CHI",
        2
      ],
      [
        [
          0.6009817808804819,
          1.3979956327005196,
          -2.4182814891598e-16
        ],
        [
          [
            0.39494104020535037,
            0.918706468226667,
            -3.7155560478767687e-16
          ],
          [
            0.918706468226667,
            -0.3949410402053503,
            -3.6717074818989305e-16
          ],
          [
            -4.840646983546528e-16,
            -1.9633974020121685e-16,
            -1.0
          ]
        ]
      ]
    ]
  ],
  "GLY": [
    [
      [
        "PHI",
        1,
        -1
      ],
      [
        "BB",
        0
      ],
      [
        [
          -0.5742792261070081,
          1.3388314346705243,
          -2.392871501943678e-16
        ],
        [
          [
            -0.3942059487280395,
            0.9190221270390755,
            -5.1707569390208844e-17
          ],
          [
            0.9190221270390755,
            0.3942059487280395,
            -2.009078410934125e-16
          ],
          [
            -1.642553200126084e-16,
            -1.2671946651014112e-16,
            -1.0
          ]
        ]
      ]
    ],
    [
      [
        "PSI",
        1,
        -1
      ],
      [
        "BB",
        0
      ],
      [
        [
          1.5174000000000003,
          -8.326672684688674e-17,
          3.48491363390083e-32
        ],
        [
          [
            1.0,
            0.0,
            0.0
          ],
          [
            0.0,
            1.0,
            0.0
          ],
          [
            0.0,
            0.0,
            1.0
          ]
        ]
      ]
    ]
  ],
  "HSD": [
    [
      [
        "PHI",
        1,
        -1
      ],
      [
        "BB",
        0
      ],
      [
        [
          -0.5277802559050391,
          1.3623395323768634,
          -2.4123385926196755e-16
        ],
        [
          [
            -0.3612458972655982,
            0.9324705902647942,
            -5.092086549914093e-17
          ],
          [
            0.9324705902647942,
            0.36124589726559825,
            -1.9680034258291155e-16
          ],
          [
            -1.651155778658232e-16,
            -1.1857552584731906e-16,
            -1.0000000000000002
          ]
        ]
      ]
    ],
    [
      [
        "PSI",
        1,
        -1
      ],
      [
        "BB",
        0
      ],
      [
        [
          1.5253999999999999,
          -1.6653345369377348e-16,
          1.6830588583064307e-31
        ],
        [
          [
            1.0,
            0.0,
            0.0
          ],
          [
            0.0,
            1.0,
            0.0
          ],
          [
            0.0,
            0.0,
            1.0
          ]
        ]
      ]
    ],
    [
      [
        "CHI",
        1,
        -1
      ],
      [
        "BB",
        0
      ],
      [
        [
          -0.5262159054855144,
          -0.7796157120470808,
          -1.2098976867253628
        ],
        [
          [
            -0.3433709008062085,
            0.5141187482591021,
            -0.7859887640214887
          ],
          [
            -0.5087215086767247,
            -0.8052847533878765,
            -0.30449777104390136
          ],
          [
            -0.7894927808974634,
            0.295293715899139,
            0.5380546164296603
          ]
        ]
      ]
    ],
    [
      [
        "CHI",
        2,
        -1
      ],
      [
        "CHI",
        1
      ],
      [
        [
          0.6004614201154689,
          1.3706418361311308,
          -8.646354081051842e-16
        ],
        [
          [
            0.40127066300151604,
            2.5433745541867833e-16,
            0.915959526952105
          ],
          [
            0.915959526952105,
            5.392941022744091e-16,
            -0.4012706630015161
          ],
          [
            -5.383910563461746e-16,
            1.0,
            -5.739501550402026e-17
          ]
        ]
      ]
    ]
  ],
  "HSE": [
    [
      [
        "PHI",
        1,
        -1
      ],
      [
        "BB",
        0
      ],
      [
        [
          -0.5277802559050391,
          1.3623395323768634,
          -2.4123385926196755e-16
        ],
        [
          [
            -0.3612458972655982,
            0.9324705902647942,
            -5.092086549914093e-17
          ],
          [
            0.9324705902647942,
            0.36124589726559825,
            -1.9680034258291155e-16
          ],
          [
            -1.651155778658232e-16,
            -1.1857552584731906e-16,
            -1.0000000000000002
          ]
        ]
      ]
    ],
    [
      [
        "PSI",
        1,
        -1
      ],
      [
        "BB",
        0
      ],
      [
        [
          1.5253999999999999,
          -1.6653345369377348e-16,
          1.6830588583064307e-31
        ],
        [
          [
            1.0,
            0.0,
            0.0
          ],
          [
            0.0,
            1.0,
            0.0
          ],
          [
            0.0,
            0.0,
            1.0
          ]
        ]
      ]
    ],
    [
      [
        "CHI",
        1,
        -1
      ],
      [
        "BB",
        0
      ],
      [
        [
          -0.5262159054855144,
          -0.7796157120470808,
          -1.2098976867253628
        ],
        [
          [
            -0.3433709008062085,
            0.5141187482591021,
            -0.7859887640214887
          ],
          [
            -0.5087215086767247,
            -0.8052847533878765,
            -0.30449777104390136
          ],
          [
            -0.7894927808974634,
            0.295293715899139,
            0.5380546164296603
          ]
        ]
      ]
    ],
    [
      [
        "CHI",
        2,
        -1
      ],
      [
        "CHI",
        1
      ],
      [
        [
          0.6004614201154689,
          1.3706418361311308,
          -8.646354081051842e-16
        ],
        [
          [
            0.40127066300151604,
            2.5433745541867833e-16,
            0.915959526952105
          ],
          [
            0.915959526952105,
            5.392941022744091e-16,
            -0.4012706630015161
          ],
          [
            -5.383910563461746e-16,
            1.0,
            -5.739501550402026e-17
          ]
        ]
      ]
    ]
  ],
  "ILE": [
    [
      [
        "PHI",
        1,
        -1
      ],
      [
        "BB",
        0
      ],
      [
        [
          -0.4949352524500739,
          1.3746127075951913,
          -2.416614983057374e-16
        ],
        [
          [
            -0.33876471762496474,
            0.9408711208728211,
            -5.018480018026333e-17
          ],
          [
            0.9408711208728211,
            0.33876471762496474,
            -1.9387258940617468e-16
          ],
          [
            -1.6540828083897157e-16,
            -1.1289462220178632e-16,
            -1.0000000000000004
          ]
        ]
      ]
    ],
    [
      [
        "PSI",
        1,
        -1
      ],
      [
        "BB",
        0
      ],
      [
        [
          1.5270999999999997,
          -2.7755575615628914e-16,
          1.5725029327695537e-31
        ],
        [
          [
            1.0,
            0.0,
            0.0
          ],
          [
            0.0,
            1.0,
            0.0
          ],
          [
            0.0,
            0.0,
            1.0
          ]
        ]
      ]
    ],
    [
      [
        "CHI",
        1,
        -1
      ],
      [
        "BB",
        0
      ],
      [
        [
          -0.5369485494206387,
          -0.7958558871882331,
          -1.2144600743140577
        ],
        [
          [
            -0.34684358208167343,
            0.500542982906286,
            -0.7931937038529943
          ],
          [
            -0.5140855805104533,
            -0.8087971033452152,
            -0.2855928247201257
          ],
          [
            -0.7844842544500078,
            0.3087134073597511,
            0.5378480144393476
          ]
        ]
      ]
    ],
    [
      [
        "CHI",
        2,
        -1
      ],
      [
        "CHI",
        1
      ],
      [
        [
          0.5345380442319205,
          1.437961017993434,
          -4.891889172427135e-16
        ],
        [
          [
            0.34843754920273823,
            0.9373319979098065,
            -2.948330682990324e-16
          ],
          [
            0.9373319979098065,
            -0.34843754920273823,
            -8.248101380464087e-17
          ],
          [
            -1.8004300520116872e-16,
            -2.476169866527642e-16,
            -1.0
          ]
        ]
      ]
    ],
    [
      [
        "XI",
        2,
        2
      ],
      [
        "CHI",
        1
      ],
      [
        [
          0.5407918435846962,
          -0.923154304555251,
          -1.098613927589385
        ],
        [
          [
            0.35265200103338523,
            0.9249876460600308,
            -0.1415429998391727
          ],
          [
            -0.601991721261983,
            0.10845389656193412,
            -0.7911028503630663
          ],
          [
            -0.71640947348509,
            0.36419171730951827,
            0.5950813888401818
          ]
        ]
      ]
    ],
    [
      [
        "XI",
        3,
        1
      ],
      [
        "CHI",
        2
      ],
      [
        [
          0.6202542457701846,
          1.3915232375364999,
          -3.397039290977068e-16
        ],
        [
          [
            0.4071245459600815,
            0.9119306371241307,
            -0.05130416309789531
          ],
          [
            0.9133726534535608,
            -0.4064817850440781,
            0.022868195175447352
          ],
          [
            -3.3126006751541604e-16,
            -0.0561700231596694,
            -0.9984212179727768
          ]
        ]
      ]
    ]
  ],
  "LEU": [
    [
      [
        "PHI",
        1,
        -1
      ],
      [
        "BB",
        0
      ],
      [
        [
          -0.5221902434844109,
          1.364491974915826,
          -2.41194704719823e-16
        ],
        [
          [
            -0.35741974228912443,
            0.933943856889683,
            -5.071364254998728e-17
          ],
          [
            0.9339438568896828,
            0.35741974228912443,
            -1.961732857296541e-16
          ],
          [
            -1.6508877804231565e-16,
            -1.174799001495636e-16,
            -1.0000000000000002
          ]
        ]
      ]
    ],
    [
      [
        "PSI",
        1,
        -1
      ],
      [
        "BB",
        0
      ],
      [
        [
          1.5254999999999999,
          -1.6653345369377348e-16,
          9.435017596617322e-32
        ],
        [
          [
            1.0,
            0.0,
            0.0
          ],
          [
            0.0,
            1.0,
            0.0
          ],
          [
            0.0,
            0.0,
            1.0
          ]
        ]
      ]
    ],
    [
      [
        "CHI",
        1,
        -1
      ],
      [
        "BB",
        0
      ],
      [
        [
          -0.5223696108032017,
          -0.7760801412948705,
          -1.2134522833622456
        ],
        [
          [
            -0.3409278232627605,
            0.5096164191058373,
            -0.7899742557217038
          ],
          [
            -0.5065136022026303,
            -0.807493020143733,
            -0.30232266405757396
          ],
          [
            -0.7919672910600739,
            0.29706249813279456,
            0.5334244858403782
          ]
        ]
      ]
    ],
    [
      [
        "CHI",
        2,
        -1
      ],
      [
        "CHI",
        1
      ],
      [
        [
          0.6800487933590971,
          1.3722339044969105,
          -2.654892424573694e-16
        ],
        [
          [
            0.44404100121390594,
            0.8960064671870129,
            -2.1167655303525953e-16
          ],
          [
            0.8960064671870129,
            -0.444041001213906,
            -2.5380690656343173e-16
          ],
          [
            -3.2140569824084986e-16,
            -7.696288756601686e-17,
            -1.0
          ]
        ]
      ]
    ],
    [
      [
        "XI",
        3,
        1
      ],
      [
        "CHI",
        2
      ],
      [
        [
          0.5301419732210249,
          1.430952650589573,
          -2.229768622653559e-16
        ],
        [
          [
            0.3474062734082727,
            0.936696731692959,
            0.04368196461134594
          ],
          [
            0.9377147120508337,
            -0.347029130170583,
            -0.0161833746935576
          ],
          [
            -3.7176850193739046e-16,
            0.04658342676080154,
            -0.9989144029150958
          ]
        ]
      ]
    ],
    [
      [
        "XI",
        3,
        2
      ],
      [
        "CHI",
        2
      ],
      [
        [
          0.536393219958434,
          -0.7146844065009788,
          1.2378697034369037
        ],
        [
          [
            0.35134159950116806,
            0.9360931089231833,
            0.016993289454659093
          ],
          [
            -0.46812366968034214,
            0.15992312974282044,
            0.8690712413020412
          ],
          [
            0.8108139801119433,
            -0.3132958410189801,
            0.49439498951267624
          ]
        ]
      ]
    ]
  ],
  "LYS": [
    [
      [
        "PHI",
        1,
        -1
      ],
      [
        "BB",
        0
      ],
      [
        [
          -0.5271070317741819,
          1.363029030158276,
          -2.413286225785127e-16
        ],
        [
          [
            -0.3606863499207484,
            0.9326871699454472,
            -5.0913992531604967e-17
          ],
          [
            0.9326871699454472,
            0.3606863499207484,
            -1.9674250520290105e-16
          ],
          [
            -1.651352282595544e-16,
            -1.1844916368082448e-16,
            -1.0
          ]
        ]
      ]
    ],
    [
      [
        "PSI",
        1,
        -1
      ],
      [
        "BB",
        0
      ],
      [
        [
          1.5261999999999993,
          -6.106226635438361e-16,
          4.445582583619283e-31
        ],
        [
          [
            1.0,
            0.0,
            0.0
          ],
          [
            0.0,
            1.0,
            0.0
          ],
          [
            0.0,
            0.0,
            1.0
          ]
        ]
      ]
    ],
    [
      [
        "CHI",
        1,
        -1
      ],
      [
        "BB",
        0
      ],
      [
        [
          -0.5247147858120402,
          -0.7801714006291814,
          -1.2094315148823145
        ],
        [
          [
            -0.3425254819583788,
            0.5138514792833071,
            -0.7865322316647538
          ],
          [
            -0.5092835045558984,
            -0.8050549937552453,
            -0.3041656933597291
          ],
          [
            -0.789497692331297,
            0.29638339067515185,
            0.53744793192965
          ]
        ]
      ]
    ],
    [
      [
        "CHI",
        2,
        -1
      ],
      [
        "CHI",
        1
      ],
      [
        [
          0.6200099710426076,
          1.390975213944427,
          -5.159939383325247e-16
        ],
        [
          [
            0.40712454596008124,
            0.9133726534535606,
            -3.8215145572029843e-16
          ],
          [
            0.9133726534535606,
            -0.40712454596008124,
            -3.7052139254512674e-16
          ],
          [
            -4.940073453683612e-16,
            -1.9819833542395808e-16,
            -1.0000000000000002
          ]
        ]
      ]
    ],
    [
      [
        "CHI",
        3,
        -1
      ],
      [
        "CHI",
        2
      ],
      [
        [
          0.5594489438483748,
          1.4179236119153034,
          -4.0729022245851313e-16
        ],
        [
          [
            0.3670202347624316,
            0.9302129580235537,
            -4.93283861896855e-16
          ],
          [
            0.9302129580235537,
            -0.3670202347624316,
            -2.1319899839219106e-16
          ],
          [
            -3.7936562973996146e-16,
            -3.8061069387933844e-16,
            -1.0
          ]
        ]
      ]
    ],
    [
      [
        "CHI",
        4,
        -1
      ],
      [
        "CHI",
        3
      ],
      [
        [
          0.560215339305655,
          1.4165456800282337,
          -6.630994796871616e-16
        ],
        [
          [
            0.36776428760300317,
            0.9299190441989322,
            -6.09817363579581e-16
          ],
          [
            0.9299190441989322,
            -0.36776428760300317,
            -5.370688518584566e-16
          ],
          [
            -7.236996016740198e-16,
            -3.6956603617834853e-16,
            -1.0000000000000002
          ]
        ]
      ]
    ],
    [
      [
        "XI",
        5,
        1
      ],
      [
        "CHI",
        4
      ],
      [
        [
          0.5539664129446977,
          1.3881463803681457,
          -5.356913633436294e-16
        ],
        [
          [
            0.37064526491683225,
            0.9287736031292286,
            0.0012968134332018457
          ],
          [
            0.9287745084759436,
            -0.37064490362087726,
            -0.0005175182502434104
          ],
          [
            -3.490693071389848e-16,
            0.00139626294796781,
            -0.9999990252244146
          ]
        ]
      ]
    ]
  ],
  "MET": [
    [
      [
        "PHI",
        1,
        -1
      ],
      [
        "BB",
        0
      ],
      [
        [
          -0.5247604290104833,
          1.3642556146649103,
          -2.4114143980456533e-16
        ],
        [
          [
            -0.35900692960968983,
            0.9333348940719101,
            -5.067271850088709e-17
          ],
          [
            0.9333348940719101,
            0.3590069296096899,
            -1.9624803037367675e-16
          ],
          [
            -1.6497327755665693e-16,
            -1.1774901918076395e-16,
            -1.0
          ]
        ]
      ]
    ],
    [
      [
        "PSI",
        1,
        -1
      ],
      [
        "BB",
        0
      ],
      [
        [
          1.5252999999999994,
          -3.885780586188048e-16,
          2.4480231387589416e-31
        ],
        [
          [
            1.0,
            0.0,
            0.0
          ],
          [
            0.0,
            1.0,
            0.0
          ],
          [
            0.0,
            0.0,
            1.0
          ]
        ]
      ]
    ],
    [
      [
        "CHI",
        1,
        -1
      ],
      [
        "BB",
        0
      ],
      [
        [
          -0.5232411319839415,
          -0.7795574519078969,
          -1.2103388521298621
        ],
        [
          [
            -0.3415858023135799,
            0.5122180239028336,
            -0.7880049718414625
          ],
          [
            -0.5089159498027789,
            -0.8056869201716691,
            -0.30310582755965937
          ],
          [
            -0.7901415668689525,
            0.297491651401122,
            0.5358871351810098
          ]
        ]
      ]
    ],
    [
      [
        "CHI",
        2,
        -1
      ],
      [
        "CHI",
        1
      ],
      [
        [
          0.6156046314589608,
          1.3911810190360832,
          -3.1158440028887665e-16
        ],
        [
          [
            0.4046569588240064,
            0.9144685591507814,
            -2.364779762665953e-16
          ],
          [
            0.9144685591507814,
            -0.40465695882400643,
            -2.7641805114101277e-16
          ],
          [
            -3.4846807565508496e-16,
            -1.0439718628862521e-16,
            -1.0
          ]
        ]
      ]
    ],
    [
      [
        "CHI",
        3,
        -1
      ],
      [
        "CHI",
        2
      ],
      [
        [
          0.704601123806854,
          1.6967147952234414,
          -3.515912705167417e-16
        ],
        [
          [
            0.38351900925694155,
            0.9235329823772261,
            -3.8182367470254697e-16
          ],
          [
            0.9235329823772263,
            -0.3835190092569415,
            -3.7734137816094404e-16
          ],
          [
            -4.949238457800749e-16,
            -2.079091655363409e-16,
            -1.0
          ]
        ]
      ]
    ],
    [
      [
        "XI",
        4,
        1
      ],
      [
        "CHI",
        3
      ],
      [
        [
          0.32172550361562974,
          1.7893062064172436,
          -6.473254708224877e-16
        ],
        [
          [
            0.17696672366096258,
            0.9841664076701132,
            -0.00996296795185687
          ],
          [
            0.9842168352130058,
            -0.17695765655630766,
            0.00179138756145886
          ],
          [
            -2.9787117970508463e-16,
            -0.010122736774463542,
            -0.9999487637875231
          ]
        ]
      ]
    ]
  ],
  "PHE": [
    [
      [
        "PHI",
        1,
        -1
      ],
      [
        "BB",
        0
      ],
      [
        [
          -0.5207541935178357,
          1.3648266226644281,
          -2.413000985749048e-16
        ],
        [
          [
            -0.35648561987803595,
            0.9343008096005124,
