{
  "ALA": [
    [
      [
        "PHI",
        1,
        -1
      ],
      [
        "BB",
        0
      ],
      [
        [
          -0.6037295630179133,
          1.3284484388707751,
          -2.456309368933605e-16
        ],
        [
          [
            -0.4137401062348638,
            0.9103950376033274,
            -5.684136790283799e-17
          ],
          [
            0.9103950376033274,
            0.41374010623486385,
            -2.1073286919336224e-16
          ],
          [
            -1.683326047788929e-16,
            -1.3893673895656808e-16,
            -1.0000000000000002
          ]
        ]
      ]
    ],
    [
      [
        "PSI",
        1,
        -1
      ],
      [
        "BB",
        0
      ],
      [
        [
          1.5390000000000001,
          1.516264810541184e-17,
          -2.650879213504565e-32
        ],
        [
          [
            1.0,
            0.0,
            0.0
          ],
          [
            0.0,
            1.0,
            0.0
          ],
          [
            0.0,
            0.0,
            1.0
          ]
        ]
      ]
    ],
    [
      [
        "XI",
        1,
        1
      ],
      [
        "BB",
        0
      ],
      [
        [
          -0.5563393033799123,
          -0.7905118891505557,
          -1.206649386784071
        ],
        [
          [
            -0.35983397152830504,
            -0.9319418776708358,
            -0.04476437844452408
          ],
          [
            -0.5112941524807941,
            0.15682976512957122,
            0.8449749785693957
          ],
          [
            -0.7804471811552106,
            0.32693846731879234,
            -0.5329291097454946
          ]
        ]
      ]
    ]
  ],
  "ARG": [
    [
      [
        "PHI",
        1,
        -1
      ],
      [
        "BB",
        0
      ],
      [
        [
          -0.49409316373288487,
          1.3679003273456833,
          -2.418101637554249e-16
        ],
        [
          [
            -0.3397230223685952,
            0.9405255276029176,
            -5.107995600369511e-17
          ],
          [
            0.9405255276029177,
            0.33972302236859525,
            -1.9522505805581335e-16
          ],
          [
            -1.66261113693224e-16,
            -1.1436444933511459e-16,
            -0.9999999999999999
          ]
        ]
      ]
    ],
    [
      [
        "PSI",
        1,
        -1
      ],
      [
        "BB",
        0
      ],
      [
        [
          1.5226999999999997,
          1.5784076967407273e-16,
          -9.328562920010063e-32
        ],
        [
          [
            1.0,
            0.0,
            0.0
          ],
          [
            0.0,
            1.0,
            0.0
          ],
          [
            0.0,
            0.0,
            1.0
          ]
        ]
      ]
    ],
    [
      [
        "CHI",
        1,
        -1
      ],
      [
        "BB",
        0
      ],
      [
        [
          -0.5891255435319885,
          -0.7973319761837553,
          -1.1982653519621804
        ],
        [
          [
            -0.37881014887602144,
            0.506326701714098,
            -0.774684543694948
          ],
          [
            -0.5126877418877027,
            -0.8116968988830369,
            -0.2798203417583321
          ],
          [
            -0.7704895524448175,
            0.29117248406225527,
            0.5670665164673372
          ]
        ]
      ]
    ],
    [
      [
        "CHI",
        2,
        -1
      ],
      [
        "CHI",
        1
      ],
      [
        [
          0.6771653164229817,
          1.3914752546250204,
          -1.146848944015078e-16
        ],
        [
          [
            0.43758663419901883,
            0.8991762550080903,
            1.8756527044383984e-16
          ],
          [
            0.8991762550080903,
            -0.4375866341990189,
            -5.14706340723304e-18
          ],
          [
            7.744793818734356e-17,
            1.7090652359965158e-16,
            -1.0
          ]
        ]
      ]
    ],
    [
      [
        "CHI",
        3,
        -1
      ],
      [
        "CHI",
        2
      ],
      [
        [
          0.6259689304582114,
          1.405289101253192,
          7.935151421523828e-17
        ],
        [
          [
            0.40689608064106286,
            0.9134744547927663,
            -3.3995248860954226e-17
          ],
          [
            0.9134744547927663,
            -0.4068960806410628,
            -1.4453723512766529e-16
          ],
          [
            -1.4586360557743776e-16,
            2.7757843061338136e-17,
            -1.0
          ]
        ]
      ]
    ],
    [
      [
        "CHI",
        4,
        -1
      ],
      [
        "CHI",
        3
      ],
      [
        [
          0.44180942501742726,
          1.4370163506257592,
          4.1715880592021354e-17
        ],
        [
          [
            0.29387350340390245,
            0.9558443199585992,
            -1.510226871763121e-16
          ],
          [
            0.9558443199585993,
            -0.29387350340390245,
            1.0897221934803345e-17
          ],
          [
            -3.3965518484264414e-17,
            -1.4755658250971278e-16,
            -1.0000000000000002
          ]
        ]
      ]
    ]
  ],
  "ASN": [
    [
      [
        "PHI",
        1,
        -1
      ],
      [
        "BB",
        0
      ],
      [
        [
          -0.38116960941609723,
          1.4000395454620491,
          -2.439128121695212e-16
        ],
        [
          [
            -0.2626944241323896,
            0.9648790802633004,
            -4.993619391215709e-17
          ],
          [
            0.9648790802633004,
            0.2626944241323896,
            -1.87813960363502e-16
          ],
          [
            -1.680998016330263e-16,
            -9.752006901552559e-17,
            -1.0
          ]
        ]
      ]
    ],
    [
      [
        "PSI",
        1,
        -1
      ],
      [
        "BB",
        0
      ],
      [
        [
          1.5245000000000002,
          -7.803153304734894e-17,
          5.420761419774187e-32
        ],
        [
          [
            1.0,
            0.0,
            0.0
          ],
          [
            0.0,
            1.0,
            0.0
          ],
          [
            0.0,
            0.0,
            1.0
          ]
        ]
      ]
    ],
    [
      [
        "CHI",
        1,
        -1
      ],
      [
        "BB",
        0
      ],
      [
        [
          -0.6115996291664966,
          -0.7445174131926435,
          -1.2303133767688377
        ],
        [
          [
            -0.3913736668372027,
            0.4307348813766385,
            -0.8131999230643446
          ],
          [
            -0.4764301613826349,
            -0.8508800537147523,
            -0.22139881552369964
          ],
          [
            -0.7872997867593509,
            0.30078330431696815,
            0.5382271357083804
          ]
        ]
      ]
    ],
    [
      [
        "CHI",
        2,
        -1
      ],
      [
        "CHI",
        1
      ],
      [
        [
          0.6303988459471662,
          1.3961786794778392,
          -3.028621302380541e-17
        ],
        [
          [
            0.4115143586051088,
            0.9114032766354456,
            4.392543103836303e-17
          ],
          [
            0.9114032766354456,
            -0.4115143586051089,
            -9.410238835749563e-17
          ],
          [
            -6.76892795080378e-17,
            7.875826576413202e-17,
            -1.0000000000000004
          ]
        ]
      ]
    ]
  ],
  "ASP": [
    [
      [
        "PHI",
        1,
        -1
      ],
      [
        "BB",
        0
      ],
      [
        [
          -0.3903955128869618,
          1.3954183399675264,
          -2.4547574979868864e-16
        ],
        [
          [
            -0.2694240944699528,
            0.9630216286870434,
            -5.147431983948528e-17
          ],
          [
            0.9630216286870436,
            0.26942409446995286,
            -1.9031647047086402e-16
          ],
          [
            -1.6941045534761116e-16,
            -1.0084672604670897e-16,
            -1.0
          ]
        ]
      ]
    ],
    [
      [
        "PSI",
        1,
        -1
      ],
      [
        "BB",
        0
      ],
      [
        [
          1.5315,
          -3.097509309334587e-16,
          1.8584496833899702e-31
        ],
        [
          [
            1.0,
            0.0,
            0.0
          ],
          [
            0.0,
            1.0,
            0.0
          ],
          [
            0.0,
            0.0,
            1.0
          ]
        ]
      ]
    ],
    [
      [
        "CHI",
        1,
        -1
      ],
      [
        "BB",
        0
      ],
      [
        [
          -0.6377713460696859,
          -0.7624868124411817,
          -1.204737805908717
        ],
        [
          [
            -0.4083304603813852,
            0.446420042996244,
            -0.7962257094165939
          ],
          [
            -0.4881790207063075,
            -0.843836102739006,
            -0.2227596809489474
          ],
          [
            -0.7713283858817573,
            0.29774112400788355,
            0.5624968837314261
          ]
        ]
      ]
    ],
    [
      [
        "CHI",
        2,
        -1
      ],
      [
        "CHI",
        1
      ],
      [
        [
          0.5848206220236895,
          1.4049413084025357,
          -1.1207821265303048e-16
        ],
        [
          [
            0.38429532265980365,
            0.9232102171129815,
            2.943476767166964e-17
          ],
          [
            0.9232102171129815,
            -0.38429532265980365,
            -1.0283413012668948e-16
          ],
          [
            -8.362587606108493e-17,
            6.669315347030867e-17,
            -1.0000000000000002
          ]
        ]
      ]
    ]
  ],
  "CYS": [
    [
      [
        "PHI",
        1,
        -1
      ],
      [
        "BB",
        0
      ],
      [
        [
          -0.39790098202976787,
          1.3977681132790756,
          -2.4417882594201083e-16
        ],
        [
          [
            -0.2737913589966061,
            0.9617891098046345,
            -5.023161174861715e-17
          ],
          [
            0.9617891098046345,
            0.2737913589966061,
            -1.889913148512215e-16
          ],
          [
            -1.6801680722631994e-16,
            -1.0005640607942586e-16,
            -0.9999999999999999
          ]
        ]
      ]
    ],
    [
      [
        "PSI",
        1,
        -1
      ],
      [
        "BB",
        0
      ],
      [
        [
          1.5201999999999998,
          -1.9094162889479143e-16,
          9.733931532946867e-32
        ],
        [
          [
            1.0,
            0.0,
            0.0
          ],
          [
            0.0,
            1.0,
            0.0
          ],
          [
            0.0,
            0.0,
            1.0
          ]
        ]
      ]
    ],
    [
      [
        "CHI",
        1,
        -1
      ],
      [
        "BB",
        0
      ],
      [
        [
          -0.5832825062361758,
          -0.7613036802345876,
          -1.2283357783522064
        ],
        [
          [
            -0.3742829223794763,
            0.4422159594457642,
            -0.8150811856659073
          ],
          [
            -0.48851622191644467,
            -0.8411390018021613,
            -0.23202818917482218
          ],
          [
            -0.7882031431931505,
            0.3113361926579148,
            0.5308536335014689
          ]
        ]
      ]
    ],
    [
      [
        "XI",
        2,
        1
      ],
      [
        "CHI",
        1
      ],
      [
        [
          0.7429204877872753,
          1.6788680587901834,
          -2.8294774479715315e-16
        ],
        [
          [
            0.40466282901425743,
            0.9131790829796956,
            0.04849698158175288
          ],
          [
            0.9144659615393995,
            -0.40409336886979125,
            -0.021460531710210812
          ],
          [
            -2.5602253854805694e-16,
            0.05303311836792026,
            -0.9985927540074455
          ]
        ]
      ]
    ]
  ],
  "GLN": [
    [
      [
        "PHI",
        1,
        -1
      ],
      [
        "BB",
        0
      ],
      [
        [
          -0.4136916119536659,
          1.390359525518194,
          -2.4374328326209036e-16
        ],
        [
          [
            -0.2851865517397393,
            0.95847202917289,
            -5.065031642292944e-17
          ],
          [
            0.9584720291728899,
            0.2851865517397392,
            -1.9038017825670042e-16
          ],
          [
            -1.6802928668281428e-16,
            -1.0284077811675938e-16,
            -1.0
          ]
        ]
      ]
    ],
    [
      [
        "PSI",
        1,
        -1
      ],
      [
        "BB",
        0
      ],
      [
        [
          1.5180000000000002,
          -9.207801428006512e-16,
          5.07193498070432e-31
        ],
        [
          [
            1.0,
            0.0,
            0.0
          ],
          [
            0.0,
            1.0,
            0.0
          ],
          [
            0.0,
            0.0,
            1.0
          ]
        ]
      ]
    ],
    [
      [
        "CHI",
        1,
        -1
      ],
      [
        "BB",
        0
      ],
      [
        [
          -0.5740085349135088,
          -0.7632189880218275,
          -1.2256856930589448
        ],
        [
          [
            -0.3694224063029404,
            0.4514115628068459,
            -0.8122528465235604
          ],
          [
            -0.491195126799992,
            -0.8368501003754095,
            -0.2416800713952371
          ],
          [
            -0.7888310548712477,
            0.3096926064114997,
            0.5308823376274323
          ]
        ]
      ]
    ],
    [
      [
        "CHI",
        2,
        -1
      ],
      [
        "CHI",
        1
      ],
      [
        [
          0.6692453138736552,
          1.4018424554343303,
          -5.07891123051654e-18
        ],
        [
          [
            0.43082613227350036,
            0.9024349526421594,
            1.609961137526162e-16
          ],
          [
            0.9024349526421594,
            -0.43082613227350036,
            -2.0922978227292145e-17
          ],
          [
            5.047970613342482e-17,
            1.5430268607522084e-16,
            -1.0
          ]
        ]
      ]
    ],
    [
      [
        "CHI",
        3,
        -1
      ],
      [
        "CHI",
        2
      ],
      [
        [
          0.5862710183833173,
          1.4153834438072919,
          2.034365044517235e-17
        ],
        [
          [
            0.3826834323650895,
            0.923879532511287,
            6.804960210597851e-17
          ],
          [
            0.923879532511287,
            -0.38268343236508945,
            -7.699538946861235e-17
          ],
          [
            -4.509300912279157e-17,
            9.233449449938593e-17,
            -1.0
          ]
        ]
      ]
    ]
  ],
  "GLU": [
    [
      [
        "PHI",
        1,
        -1
      ],
      [
        "BB",
        0
      ],
      [
        [
          -0.43082488644579914,
          1.3857746415701817,
          -2.445705733640799e-16
        ],
        [
          [
            -0.2968749217515154,
            0.9549163737390997,
            -5.158635987474546e-17
          ],
          [
            0.9549163737390997,
            0.2968749217515154,
            -1.925242770332204e-16
          ],
          [
            -1.6852988793004402e-16,
            -1.0641628938549655e-16,
            -1.0000000000000002
          ]
        ]
      ]
    ],
    [
      [
        "PSI",
        1,
        -1
      ],
      [
        "BB",
        0
      ],
      [
        [
          1.5216,
          6.199660495867014e-17,
          -3.224429767022045e-32
        ],
        [
          [
            1.0,
            0.0,
            0.0
          ],
          [
            0.0,
            1.0,
            0.0
          ],
          [
            0.0,
            0.0,
            1.0
          ]
        ]
      ]
    ],
    [
      [
        "CHI",
        1,
        -1
      ],
      [
        "BB",
        0
      ],
      [
        [
          -0.5739506738593134,
          -0.7617660257247137,
          -1.2238282992430014
        ],
        [
          [
            -0.36990891586704905,
            0.46036361328400055,
            -0.8069899240549191
          ],
          [
            -0.49095515965758796,
            -0.8342777041294338,
            -0.25088591749660527
          ],
          [
            -0.7887524485969328,
            0.3033909292589683,
            0.53462465232696
          ]
        ]
      ]
    ],
    [
      [
        "CHI",
        2,
        -1
      ],
      [
        "CHI",
        1
      ],
      [
        [
          0.6743987664003501,
          1.4019232482121438,
          -6.746264871547691e-17
        ],
        [
          [
            0.43350181037497587,
            0.9011526953860921,
            1.4504630231733813e-17
          ],
          [
            0.9011526953860921,
            -0.4335018103749758,
            -1.1334652845213869e-16
          ],
          [
            -9.585474616302493e-17,
            6.220681191262633e-17,
            -1.0000000000000002
          ]
        ]
      ]
    ],
    [
      [
        "CHI",
        3,
        -1
      ],
      [
        "CHI",
        2
      ],
      [
        [
          0.6645240583369755,
          1.378930841591179,
          -3.661522537562903e-16
        ],
        [
          [
            0.43413082794602176,
            0.9008498344490619,
            -1.6091501249328437e-16
          ],
          [
            0.9008498344490617,
            -0.4341308279460218,
            -2.2354350727148187e-16
          ],
          [
            -2.712372991203311e-16,
            -4.791313447121797e-17,
            -1.0000000000000002
          ]
        ]
      ]
    ]
  ],
  "GLY": [
    [
      [
        "PHI",
        1,
        -1
      ],
      [
        "BB",
        0
      ],
      [
        [
          -0.4723581180196079,
          1.3765085899989775,
          -2.4269711846954644e-16
        ],
        [
          [
            -0.3245778313884478,
            0.9458589912725746,
            -5.0933439562590476e-17
          ],
          [
            0.9458589912725746,
            0.32457783138844787,
            -1.9379170174724095e-16
          ],
          [
            -1.6676775817326081e-16,
            -1.1107634206091084e-16,
            -0.9999999999999998
          ]
        ]
      ]
    ],
    [
      [
        "PSI",
        1,
        -1
      ],
      [
        "BB",
        0
      ],
      [
        [
          1.4971000000000003,
          -3.8531509704993914e-16,
          2.390038076191388e-31
        ],
        [
          [
            1.0,
            0.0,
            0.0
          ],
          [
            0.0,
            1.0,
            0.0
          ],
          [
            0.0,
            0.0,
            1.0
          ]
        ]
      ]
    ]
  ],
  "HSD": [
    [
      [
        "PHI",
        1,
        -1
      ],
      [
        "BB",
        0
      ],
      [
        [
          -0.441486407769904,
          1.383359736928333,
          -2.429848130921072e-16
        ],
        [
          [
            -0.30403306092549026,
            0.9526614812535864,
            -5.066600489101736e-17
          ],
          [
            0.9526614812535864,
            0.3040330609254902,
            -1.9181790426884596e-16
          ],
          [
            -1.6733338825983551e-16,
            -1.0658653584384794e-16,
            -1.0
          ]
        ]
      ]
    ],
    [
      [
        "PSI",
        1,
        -1
      ],
      [
        "BB",
        0
      ],
      [
        [
          1.5166000000000002,
          -5.107889874395533e-16,
          2.7941287295513085e-31
        ],
        [
          [
            1.0,
            0.0,
            0.0
          ],
          [
            0.0,
            1.0,
            0.0
          ],
          [
            0.0,
            0.0,
            1.0
          ]
        ]
      ]
    ],
    [
      [
        "CHI",
        1,
        -1
      ],
      [
        "BB",
        0
      ],
      [
        [
          -0.5305265294123308,
          -0.7827397104005644,
          -1.2305501848164293
        ],
        [
          [
            -0.34185613081534305,
            0.467149951121349,
            -0.8154172606655348
          ],
          [
            -0.5043750953028961,
            -0.8233374949908076,
            -0.2602328430088268
          ],
          [
            -0.7929313646603708,
            0.3223139657377315,
            0.517081771510328
          ]
        ]
      ]
    ],
    [
      [
        "CHI",
        2,
        -1
      ],
      [
        "CHI",
        1
      ],
      [
        [
          0.612971448557188,
          1.373529327409394,
          -1.691641447913209e-16
        ],
        [
          [
            0.40753370690591567,
            -2.8859852422931437e-17,
            0.9131901651548394
          ],
          [
            0.9131901651548394,
            3.6953729586888003e-16,
            -0.40753370690591556
          ],
          [
            -3.4129960765084e-16,
            0.9999999999999999,
            1.2831448799156047e-16
          ]
        ]
      ]
    ]
  ],
  "HSE": [
    [
      [
        "PHI",
        1,
        -1
      ],
      [
        "BB",
        0
      ],
      [
        [
          -0.4110284848064634,
          1.3938600448673837,
          -2.445163686992898e-16
        ],
        [
          [
            -0.28284371373965284,
            0.9591660094050258,
            -5.079668625011499e-17
          ],
          [
            0.9591660094050258,
            0.2828437137396529,
            -1.9040308577545494e-16
          ],
          [
            -1.6826064457699543e-16,
            -1.0257677072974123e-16,
            -1.0000000000000002
          ]
        ]
      ]
    ],
    [
      [
        "PSI",
        1,
        -1
      ],
      [
        "BB",
        0
      ],
      [
        [
          1.5166,
          -6.327232276566725e-16,
          3.240052804311588e-31
        ],
        [
          [
            1.0,
            0.0,
            0.0
          ],
          [
            0.0,
            1.0,
            0.0
          ],
          [
            0.0,
            0.0,
            1.0
          ]
        ]
      ]
    ],
    [
      [
        "CHI",
        1,
        -1
      ],
      [
        "BB",
        0
      ],
      [
        [
          -0.5752335612681767,
          -0.7994627926375522,
          -1.2069409402199014
        ],
        [
          [
            -0.36926021393515013,
            0.46221464790406086,
            -0.8062285740827427
          ],
          [
            -0.5131998925648683,
            -0.8246837597962322,
            -0.23774475094049632
          ],
          [
            -0.7747727180767113,
            0.3259667400077438,
            0.5417314092174729
          ]
        ]
      ]
    ],
    [
      [
        "CHI",
        2,
        -1
      ],
      [
        "CHI",
        1
      ],
      [
        [
          0.6845241100809291,
          1.3469393277790627,
          -3.496301936246394e-16
        ],
        [
          [
            0.4530571911317289,
            7.890177980075052e-17,
            0.8914814532921188
          ],
          [
            0.891481453292119,
            1.871121826124211e-17,
            -0.4530571911317288
          ],
          [
            -6.609734482758314e-17,
            1.0000000000000002,
            -7.229403432449303e-17
          ]
        ]
      ]
    ]
  ],
  "ILE": [
    [
      [
        "PHI",
        1,
        -1
      ],
      [
        "BB",
        0
      ],
      [
        [
          -0.4093633932007758,
          1.395392150009146,
          -2.446840056237308e-16
        ],
        [
          [
            -0.2815041900706751,
            0.9595599986309626,
            -5.074800757621126e-17
          ],
          [
            0.9595599986309628,
            0.28150419007067506,
            -1.9023926872568932e-16
          ],
          [
            -1.6826021566753598e-16,
            -1.0224890934261606e-16,
            -1.0
          ]
        ]
      ]
    ],
    [
      [
        "PSI",
        1,
        -1
      ],
      [
        "BB",
        0
      ],
      [
        [
          1.5190000000000001,
          -1.5518516519484933e-16,
          9.29604114475724e-32
        ],
        [
          [
            1.0,
            0.0,
            0.0
          ],
          [
            0.0,
            1.0,
            0.0
          ],
          [
            0.0,
            0.0,
            1.0
          ]
        ]
      ]
    ],
    [
      [
        "CHI",
        1,
        -1
      ],
      [
        "BB",
        0
      ],
      [
        [
          -0.6109415266416883,
          -0.8121727331879112,
          -1.194179011911866
        ],
        [
          [
            -0.3896062283283517,
            0.46901099104942806,
            -0.7926131951479165
          ],
          [
            -0.5179342728065245,
            -0.8232102553321566,
            -0.23252734155006768
          ],
          [
            -0.7615451896638391,
            0.3199274383212518,
            0.563644709288634
          ]
        ]
      ]
    ],
    [
      [
        "CHI",
        2,
        -1
      ],
      [
        "CHI",
        1
      ],
      [
        [
          0.6212044495349407,
          1.4198538910317473,
          -2.5133788915686166e-17
        ],
        [
          [
            0.40082878405919503,
            0.9161529816955393,
            -1.9811132226197812e-16
          ],
          [
            0.9161529816955394,
            -0.40082878405919503,
            -7.101674420176352e-18
          ],
          [
            -8.591494060570352e-17,
            -1.7865372307533354e-16,
            -1.0
          ]
        ]
      ]
    ],
    [
      [
        "XI",
        2,
        2
      ],
      [
        "CHI",
        1
      ],
      [
        [
          0.6267643847634136,
          -0.9086137029669592,
          -1.0813096618327285
        ],
        [
          [
            0.4056202334736045,
            0.903524631039214,
            -0.13825869702217883
          ],
          [
            -0.5880233645916121,
            0.1421374609868938,
            -0.7962571600171389
          ],
          [
            -0.6997862165627289,
            0.4042773593582149,
            0.5889474236459228
          ]
        ]
      ]
    ],
    [
      [
        "XI",
        3,
        1
      ],
      [
        "CHI",
        2
      ],
      [
        [
          0.6278080220418053,
          1.4041398425584106,
          -4.807517320952906e-16
        ],
        [
          [
            0.40817113454379117,
            0.9114641517529877,
            -0.05127791917035136
          ],
          [
            0.9129054304391198,
            -0.4075267212925419,
            0.022926982080432076
          ],
          [
            -3.0550999030079016e-16,
            -0.056170023159667126,
            -0.9984212179727766
          ]
        ]
      ]
    ]
  ],
  "LEU": [
    [
      [
        "PHI",
        1,
        -1
      ],
      [
        "BB",
        0
      ],
      [
        [
          -0.40111154014713996,
          1.394248963550194,
          -2.443247138734783e-16
        ],
        [
          [
            -0.27647610983398097,
            0.9610207909775254,
            -5.071578496750244e-17
          ],
          [
            0.9610207909775255,
            0.27647610983398097,
            -1.8982793418589927e-16
          ],
          [
            -1.6840688852597075e-16,
            -1.0122181256605373e-16,
            -1.0000000000000002
          ]
        ]
      ]
    ],
    [
      [
        "PSI",
        1,
        -1
      ],
      [
        "BB",
        0
      ],
      [
        [
          1.5184,
          2.877225013597582e-16,
          -2.0779916705038614e-31
        ],
        [
          [
            1.0,
            0.0,
            0.0
          ],
          [
            0.0,
            1.0,
            0.0
          ],
          [
            0.0,
            0.0,
            1.0
          ]
        ]
      ]
    ],
    [
      [
        "CHI",
        1,
        -1
      ],
      [
        "BB",
        0
      ],
      [
        [
          -0.5852680274971376,
          -0.7527737949364752,
          -1.227453233181024
        ],
        [
          [
            -0.37654765971635934,
            0.44242649941532686,
            -0.8139230016268323
          ],
          [
            -0.4843169239763719,
            -0.8429753040139978,
            -0.23415754092613209
          ],
          [
            -0.7897144908840142,
            0.3060252104608503,
            0.5316950192076227
          ]
        ]
      ]
    ],
    [
      [
        "CHI",
        2,
        -1
      ],
      [
        "CHI",
        1
      ],
      [
        [
          0.7134591761854783,
          1.372881584083907,
          -3.3387583969926645e-17
        ],
        [
          [
            0.4611292503784115,
            0.8873329783375822,
            -1.2215742217316082e-16
          ],
          [
            0.8873329783375822,
            -0.46112925037841146,
            4.827938164979424e-17
          ],
          [
            -1.349047300326007e-17,
            -1.3065734431185508e-16,
            -1.0
          ]
        ]
      ]
    ],
    [
      [
        "XI",
        3,
        1
      ],
      [
        "CHI",
        2
      ],
      [
        [
          0.5374512819115337,
          1.4390098434589151,
          -3.876093012173254e-16
        ],
        [
          [
            0.34988039965596873,
            0.9357773963724406,
            0.043639092279695584
          ],
          [
            0.9367943776179379,
            -0.3495005705140369,
            -0.01629862797241376
          ],
          [
            -7.371023811628065e-17,
            0.046583426760801266,
            -0.9989144029150951
          ]
        ]
      ]
    ],
    [
      [
        "XI",
        3,
        2
      ],
      [
        "CHI",
        2
      ],
      [
        [
          0.5895350450138416,
          -0.709179883862431,
          1.2283355905555282
        ],
        [
          [
            0.38381187826422003,
            0.9232591911877187,
            0.016760309981959064
          ],
          [
            -0.46170565355627025,
            0.1761555946679871,
            0.8693659160223303
          ],
          [
            0.799697650101255,
            -0.3414112950014507,
            0.49388459792543
          ]
        ]
      ]
    ]
  ],
  "LYS": [
    [
      [
        "PHI",
        1,
        -1
      ],
      [
        "BB",
        0
      ],
      [
        [
          -0.4310708202064605,
          1.384860320742323,
          -2.4316375633745313e-16
        ],
        [
          [
            -0.29720823235415084,
            0.9548126866673492,
            -5.072206317645265e-17
          ],
          [
            0.9548126866673492,
            0.29720823235415084,
            -1.9137565987263464e-16
          ],
          [
            -1.6765289322769805e-16,
            -1.0530849100117469e-16,
            -1.0
          ]
        ]
      ]
    ],
    [
      [
        "PSI",
        1,
        -1
      ],
      [
        "BB",
        0
      ],
      [
        [
          1.5187,
          4.391959522433899e-16,
          -2.5100121801658707e-31
        ],
        [
          [
            1.0,
            0.0,
            0.0
          ],
          [
            0.0,
            1.0,
            0.0
          ],
          [
            0.0,
            0.0,
            1.0
          ]
        ]
      ]
    ],
    [
      [
        "CHI",
        1,
        -1
      ],
      [
        "BB",
        0
      ],
      [
        [
          -0.5670281201645074,
          -0.7732403590013937,
          -1.2264602309712704
        ],
        [
          [
            -0.3642266958918984,
            0.4626082515395275,
            -0.8082898735028248
          ],
          [
            -0.4966857393379969,
            -0.8306629657577076,
            -0.2515995104464183
          ],
          [
            -0.7878084731315971,
            0.30982679504224836,
            0.5323205488574629
          ]
        ]
      ]
    ],
    [
      [
        "CHI",
        2,
        -1
      ],
      [
        "CHI",
        1
      ],
      [
        [
          0.6708088851020061,
          1.3901106753306391,
          -2.9534050187963307e-16
        ],
        [
          [
            0.43460245228507033,
            0.9006224006029405,
            2.1741034758055518e-18
          ],
          [
            0.9006224006029406,
            -0.43460245228507033,
            -1.2109980960629522e-16
          ],
          [
            -1.0812033053807403e-16,
            5.458832051769021e-17,
            -1.0000000000000002
          ]
        ]
      ]
    ],
    [
      [
        "CHI",
        3,
        -1
      ],
      [
        "CHI",
        2
      ],
      [
        [
          0.608527748050586,
          1.4143443957722899,
          1.141744743366039e-16
        ],
        [
          [
            0.3952248802043163,
            0.918584396812554,
            -2.7679090235205724e-17
          ],
          [
            0.9185843968125541,
            -0.3952248802043163,
            1.0424139507458588e-16
          ],
          [
            8.481505389511398e-17,
            -6.662437328871073e-17,
            -1.0
          ]
        ]
      ]
    ],
    [
      [
        "CHI",
        4,
        -1
      ],
      [
        "CHI",
        3
      ],
      [
        [
          0.5832087383672034,
          1.419891744990489,
          -8.406254488593832e-18
        ],
        [
          [
            0.3799405461675592,
            0.9250109087885922,
            -1.4785049435729166e-16
          ],
          [
            0.9250109087885922,
            -0.37994054616755923,
            2.3356554908837807e-17
          ],
          [
            -3.456932949485829e-17,
            -1.456374223789374e-16,
            -1.0
          ]
        ]
      ]
    ],
    [
      [
        "XI",
        5,
        1
      ],
      [
        "CHI",
        4
      ],
      [
        [
          0.5104877494642512,
          1.368272786269947,
          -3.914230969797796e-16
        ],
        [
          [
            0.3495533754206049,
            0.9369155385586425,
            0.0013081817269735326
          ],
          [
            0.9369164518419248,
            -0.3495530346845088,
            -0.0004880684264091117
          ],
          [
            -1.4215887503346373e-16,
            0.0013962629478880117,
            -0.9999990252244151
          ]
        ]
      ]
    ]
  ],
  "MET": [
    [
      [
        "PHI",
        1,
        -1
      ],
      [
        "BB",
        0
      ],
      [
        [
          -0.4074904565143055,
          1.3926063793655992,
          -2.442182300002032e-16
        ],
        [
          [
            -0.28083422227036897,
            0.9597562917750512,
            -5.077404238730298e-17
          ],
          [
            0.9597562917750512,
            0.28083422227036897,
            -1.9022472655364452e-16
          ],
          [
            -1.6831028945568796e-16,
            -1.0215231977835348e-16,
            -1.0
          ]
        ]
      ]
    ],
    [
      [
        "PSI",
        1,
        -1
      ],
      [
        "BB",
        0
      ],
      [
        [
          1.5195000000000003,
          -7.370216469896397e-17,
          3.3677815297038346e-32
        ],
        [
          [
            1.0,
            0.0,
            0.0
          ],
          [
            0.0,
            1.0,
            0.0
          ],
          [
            0.0,
            0.0,
            1.0
          ]
        ]
      ]
    ],
    [
      [
        "CHI",
        1,
        -1
      ],
      [
        "BB",
        0
      ],
      [
        [
          -0.5793432739228683,
          -0.7563396001818098,
          -1.2284514398856605
        ],
        [
          [
            -0.37266388390767263,
            0.4461508556297059,
            -0.813677481347327
          ],
          [
            -0.48651717495292024,
            -0.8406034363577652,
            -0.23809011163705662
          ],
          [
            -0.7902041939313397,
            0.307140483825232,
            0.5303225953030137
          ]
        ]
      ]
    ],
    [
      [
        "CHI",
        2,
        -1
      ],
      [
        "CHI",
        1
      ],
      [
        [
          0.675780975242343,
          1.39048051892161,
          -1.7715999289165613e-16
        ],
        [
          [
            0.4371157666509332,
            0.8994052515663709,
            -2.910099418521293e-17
          ],
          [
            0.8994052515663709,
            -0.43711576665093327,
            -1.4067726069866073e-16
          ],
          [
            -1.3924637043192053e-16,
            3.531866166466531e-17,
            -1.0
          ]
        ]
      ]
    ],
    [
      [
        "CHI",
        3,
        -1
      ],
      [
        "CHI",
        2
      ],
      [
        [
          0.6314855623759463,
          1.7089603841256051,
          8.439209840542935e-17
        ],
        [
          [
            0.34660824544483576,
            0.9380099808582277,
            -3.661031589808115e-17
          ],
          [
            0.9380099808582277,
            -0.34660824544483576,
            -1.479664112690006e-16
          ],
          [
            -1.5148340796071097e-16,
            1.694553647994451e-17,
            -1.0
          ]
        ]
      ]
    ],
    [
      [
        "XI",
        4,
        1
      ],
      [
        "CHI",
        3
      ],
      [
        [
          0.28292137589480665,
          1.7984826535337486,
          -2.5225691715679077e-16
        ],
        [
          [
            0.15540007464286856,
            0.987801003017892,
            -0.009999761889025884
          ],
          [
            0.9878516167932261,
            -0.1553921125316252,
            0.0015730740503416389
          ],
          [
            -7.804381876349012e-17,
            -0.010122736774463353,
            -0.9999487637875226
          ]
        ]
      ]
    ]
  ],
  "PHE": [
    [
      [
        "PHI",
        1,
        -1
      ],
      [
        "BB",
        0
      ],
      [
        [
          -0.40902233768554797,
          1.391531849177104,
          -2.4365040728751667e-16
        ],
        [
          [
            -0.28200657590012956,
            0.959412471854043,
            -5.049428074109407e-17
          ],
          [
