{
  "ALA": [
    [
      [
        "PHI",
        1,
        -1
      ],
      [
        "BB",
        0
      ],
      [
        [
          -0.5314118304216535,
          1.3620005383581566,
          1.7392891265062115e-16
        ],
        [
          [
            -0.3634827841461379,
            0.2814379777997551,
            0.8880725929119515
          ],
          [
            0.9316009154296556,
            0.10980867240553781,
            0.3464993359808373
          ],
          [
            -1.7796876644689913e-16,
            0.9532757838718647,
            -0.3021014397242789
          ]
        ]
      ]
    ],
    [
      [
        "PSI",
        1,
        -1
      ],
      [
        "BB",
        0
      ],
      [
        [
          1.5263,
          2.8832510282226337e-16,
          2.0661262478217636e-16
        ],
        [
          [
            0.9999999999999998,
            -7.674265140475682e-17,
            1.1188116895168693e-16
          ],
          [
            1.347311302170911e-16,
            0.4647890310559863,
            -0.8854214570531014
          ],
          [
            1.5948450114452347e-17,
            0.8854214570531014,
            0.4647890310559863
          ]
        ]
      ]
    ],
    [
      [
        "XI",
        1,
        1
      ],
      [
        "BB",
        0
      ],
      [
        [
          -0.5260022783033849,
          -0.7742349816074614,
          -1.2073728034351883
        ],
        [
          [
            -0.3443099288495021,
            0.8760997093802511,
            -0.33749069930812997
          ],
          [
            -0.5067977885759384,
            -0.4760349455439007,
            -0.7187118561117205
          ],
          [
            -0.7903206149343377,
            -0.07642008796681285,
            0.6079089535160306
          ]
        ]
      ]
    ]
  ],
  "ARG": [
    [
      [
        "PHI",
        1,
        -1
      ],
      [
        "BB",
        0
      ],
      [
        [
          -0.5309941011048831,
          1.3617341240461804,
          1.3932631376122126e-16
        ],
        [
          [
            -0.36329645669463817,
            0.10310753965704221,
            0.9259506033363728
          ],
          [
            0.9316735933539823,
            0.04020571591071506,
            0.3610648360820893
          ],
          [
            -5.52406355518683e-17,
            0.9938573014643395,
            -0.11066916610339868
          ]
        ]
      ]
    ],
    [
      [
        "PSI",
        1,
        -1
      ],
      [
        "BB",
        0
      ],
      [
        [
          1.5261,
          2.8505531840374306e-16,
          1.2786054133860675e-16
        ],
        [
          [
            0.9999999999999996,
            -4.63168545356287e-17,
            1.1042477520748916e-16
          ],
          [
            1.1937403243311016e-16,
            0.4581353602538853,
            -0.8888824397438854
          ],
          [
            -9.41925550974506e-18,
            0.8888824397438854,
            0.4581353602538853
          ]
        ]
      ]
    ],
    [
      [
        "CHI",
        1,
        -1
      ],
      [
        "BB",
        0
      ],
      [
        [
          -0.522911600651981,
          -0.7802793273145937,
          -1.2103958192546223
        ],
        [
          [
            -0.34130383176814916,
            -0.9302052631088132,
            0.13501800955814336
          ],
          [
            -0.5092874664281665,
            0.3037394903529598,
            0.8052133869598195
          ],
          [
            -0.7900240318873589,
            0.20605943435035495,
            -0.5774093336236032
          ]
        ]
      ]
    ],
    [
      [
        "CHI",
        2,
        -1
      ],
      [
        "CHI",
        1
      ],
      [
        [
          0.6177140556840682,
          1.3906833699337673,
          -1.2389893446280625e-16
        ],
        [
          [
            0.4059368178248463,
            -0.912790754545841,
            -0.045037077501459286
          ],
          [
            0.9139011434144495,
            0.40544360504453725,
            0.020004579332036698
          ],
          [
            -4.107164338678605e-17,
            -0.049280031900600464,
            0.9987850011167951
          ]
        ]
      ]
    ],
    [
      [
        "CHI",
        3,
        -1
      ],
      [
        "CHI",
        2
      ],
      [
        [
          0.5653198036815967,
          1.4129008314688625,
          -1.5523823945076815e-16
        ],
        [
          [
            0.3714810117502933,
            -0.9193696369072514,
            -0.1294655500201
          ],
          [
            0.9284405516289012,
            0.3678516220468953,
            0.05180083250768895
          ],
          [
            -9.384995316349085e-17,
            -0.1394440923470645,
            0.9902299455729983
          ]
        ]
      ]
    ],
    [
      [
        "CHI",
        4,
        -1
      ],
      [
        "CHI",
        3
      ],
      [
        [
          0.5400318272644747,
          1.3579600824550742,
          -2.9243389993543946e-16
        ],
        [
          [
            0.36953046890958974,
            -0.9291818125092473,
            -0.008269936486373405
          ],
          [
            0.9292186139695325,
            0.3695158337519733,
            0.003288777755545962
          ],
          [
            -1.5861652651713467e-16,
            -0.008899882505630287,
            0.9999603952614254
          ]
        ]
      ]
    ]
  ],
  "ASN": [
    [
      [
        "PHI",
        1,
        -1
      ],
      [
        "BB",
        0
      ],
      [
        [
          -0.5411180224043838,
          1.3575276224921415,
          5.45293266028253e-16
        ],
        [
          [
            -0.37027372547172854,
            0.3441218998359207,
            0.8628310879184891
          ],
          [
            0.9289226922759971,
            0.13716889352380798,
            0.3439292462472001
          ],
          [
            9.098476011005324e-17,
            0.9288513404753049,
            -0.3704526788906096
          ]
        ]
      ]
    ],
    [
      [
        "PSI",
        1,
        -1
      ],
      [
        "BB",
        0
      ],
      [
        [
          1.5268,
          -2.6128586158154454e-16,
          3.2386829779978927e-17
        ],
        [
          [
            0.9999999999999998,
            -5.167095457095361e-18,
            -9.430278543067633e-17
          ],
          [
            -7.037527513464804e-17,
            0.6251286336769144,
            -0.780521743039381
          ],
          [
            6.298440176082889e-17,
            0.780521743039381,
            0.6251286336769144
          ]
        ]
      ]
    ],
    [
      [
        "CHI",
        1,
        -1
      ],
      [
        "BB",
        0
      ],
      [
        [
          -0.5350825048078927,
          -0.7913610872035022,
          -1.199734680130819
        ],
        [
          [
            -0.34890617162747334,
            -0.937089835213121,
            0.011274934168576445
          ],
          [
            -0.516015315077923,
            0.20214286650111463,
            0.8323860018811851
          ],
          [
            -0.7822996088489957,
            0.2846065745251823,
            -0.554081600246525
          ]
        ]
      ]
    ],
    [
      [
        "CHI",
        2,
        -1
      ],
      [
        "CHI",
        1
      ],
      [
        [
          0.5852362039950628,
          1.3997837066966632,
          8.309327984980798e-18
        ],
        [
          [
            0.38573438175261227,
            -0.9204461660201596,
            -0.0631493641513477
          ],
          [
            0.9226098778649243,
            0.38482975448733453,
            0.02640214626290509
          ],
          [
            -5.882332407500425e-17,
            -0.06844644271258624,
            0.9976547922402784
          ]
        ]
      ]
    ]
  ],
  "ASP": [
    [
      [
        "PHI",
        1,
        -1
      ],
      [
        "BB",
        0
      ],
      [
        [
          -0.5276963998271983,
          1.3633371261758451,
          -1.5561281099758656e-16
        ],
        [
          [
            -0.36096613983665,
            0.2945939376963474,
            0.8848264562974985
          ],
          [
            0.9325789220711715,
            0.11402620624682527,
            0.34248296074042633
          ],
          [
            -2.552145509713503e-16,
            0.9487952551322741,
            -0.3158916963746957
          ]
        ]
      ]
    ],
    [
      [
        "PSI",
        1,
        -1
      ],
      [
        "BB",
        0
      ],
      [
        [
          1.5276000000000005,
          2.437555019991646e-16,
          1.8380526165523835e-16
        ],
        [
          [
            0.9999999999999997,
            -7.164386968055585e-17,
            7.907948340373945e-17
          ],
          [
            1.0670621592946369e-16,
            0.6683559167976382,
            -0.7438416286290972
          ],
          [
            4.384520742855692e-19,
            0.7438416286290972,
            0.6683559167976382
          ]
        ]
      ]
    ],
    [
      [
        "CHI",
        1,
        -1
      ],
      [
        "BB",
        0
      ],
      [
        [
          -0.5313838052858174,
          -0.7803780325376501,
          -1.2081598684829045
        ],
        [
          [
            -0.3465621895818285,
            -0.9237233343141404,
            0.16318655090360668
          ],
          [
            -0.50895325933454,
            0.3313037618769456,
            0.7944837299648954
          ],
          [
            -0.7879474783035967,
            0.19228369408181983,
            -0.5849493588553218
          ]
        ]
      ]
    ],
    [
      [
        "CHI",
        2,
        -1
      ],
      [
        "CHI",
        1
      ],
      [
        [
          0.5938866546379012,
          1.398417366683853,
          -5.83685994273899e-17
        ],
        [
          [
            0.39089492176522184,
            -0.9160279173127152,
            -0.08996674297700798
          ],
          [
            0.9204353101322013,
            0.3890231688539671,
            0.03820751178311318
          ],
          [
            -1.562221464751804e-16,
            -0.09774368930293018,
            0.9952116213155133
          ]
        ]
      ]
    ]
  ],
  "CYS": [
    [
      [
        "PHI",
        1,
        -1
      ],
      [
        "BB",
        0
      ],
      [
        [
          -0.5288613135779142,
          1.3614911204266607,
          -5.716090956680824e-17
        ],
        [
          [
            -0.3620849743789637,
            -0.14261853666087415,
            0.9211701386441578
          ],
          [
            0.9321450913505825,
            -0.05539913225096397,
            0.3578218339018107
          ],
          [
            -1.151429326221067e-16,
            0.9882261325964578,
            0.15300036226574396
          ]
        ]
      ]
    ],
    [
      [
        "PSI",
        1,
        -1
      ],
      [
        "BB",
        0
      ],
      [
        [
          1.5253000000000005,
          1.4723275768480884e-15,
          7.136915841412349e-16
        ],
        [
          [
            1.0000000000000002,
            -1.6973997436360424e-16,
            6.409118086183219e-16
          ],
          [
            6.615114889611498e-16,
            0.19052442255134333,
            -0.9816824559965802
          ],
          [
            4.452140267071682e-17,
            0.9816824559965802,
            0.19052442255134333
          ]
        ]
      ]
    ],
    [
      [
        "CHI",
        1,
        -1
      ],
      [
        "BB",
        0
      ],
      [
        [
          -0.5212407937077806,
          -0.7757341106411159,
          -1.2126440634261662
        ],
        [
          [
            -0.3404577359293143,
            -0.7921328295486476,
            0.5065709332335794
          ],
          [
            -0.5066845921888411,
            0.6084020433278088,
            0.6108335924889657
          ],
          [
            -0.7920601328714343,
            -0.048708664791814064,
            -0.6084966819054034
          ]
        ]
      ]
    ],
    [
      [
        "XI",
        2,
        1
      ],
      [
        "CHI",
        1
      ],
      [
        [
          0.731039237607688,
          1.653834596650455,
          -2.6955891463539045e-16
        ],
        [
          [
            0.4042911390375446,
            -0.7850970450136818,
            0.46922415198549855
          ],
          [
            0.9146303487725113,
            0.34703394547269534,
            -0.20740965694472754
          ],
          [
            -1.122278174457379e-16,
            0.5130205362365525,
            0.8583763332009804
          ]
        ]
      ]
    ]
  ],
  "GLN": [
    [
      [
        "PHI",
        1,
        -1
      ],
      [
        "BB",
        0
      ],
      [
        [
          -0.5320469142018919,
          1.3612157547899026,
          4.484871378093414e-16
        ],
        [
          [
            -0.3640416792349587,
            0.2573895706104871,
            0.8951113141507828
          ],
          [
            0.9313826580840939,
            0.10060368924557153,
            0.34986460514088746
          ],
          [
            8.227039320536117e-17,
            0.9610564534152665,
            -0.2763521184085088
          ]
        ]
      ]
    ],
    [
      [
        "PSI",
        1,
        -1
      ],
      [
        "BB",
        0
      ],
      [
        [
          1.5262999999999995,
          2.7142573920623024e-16,
          3.1104527795222187e-16
        ],
        [
          [
            0.9999999999999998,
            -1.1725691020162703e-16,
            1.0451530256606978e-16
          ],
          [
            1.480838186799288e-16,
            0.4818776686193449,
            -0.8762385020563661
          ],
          [
            5.238142901524839e-17,
            0.8762385020563661,
            0.4818776686193449
          ]
        ]
      ]
    ],
    [
      [
        "CHI",
        1,
        -1
      ],
      [
        "BB",
        0
      ],
      [
        [
          -0.5235217675957999,
          -0.7811848455412124,
          -1.209674351199579
        ],
        [
          [
            -0.34167978566492613,
            -0.9332512343901951,
            0.11089209880396123
          ],
          [
            -0.5098452196457461,
            0.2831859738247642,
            0.8123198607896405
          ],
          [
            -0.7895015997908751,
            0.22101546945428363,
            -0.5725726034220915
          ]
        ]
      ]
    ],
    [
      [
        "CHI",
        2,
        -1
      ],
      [
        "CHI",
        1
      ],
      [
        [
          0.6181487144035728,
          1.39278806962194,
          -2.0328158219092847e-16
        ],
        [
          [
            0.40566262921877744,
            -0.9042452577359544,
            -0.1333354608397417
          ],
          [
            0.914022883332419,
            0.4013231128026046,
            0.05917708910650488
          ],
          [
            -1.1819048563943047e-16,
            -0.1458775959236562,
            0.9893026468212518
          ]
        ]
      ]
    ],
    [
      [
        "CHI",
        3,
        -1
      ],
      [
        "CHI",
        2
      ],
      [
        [
          0.5879873018963804,
          1.3992811628863655,
          -4.788772064296695e-16
        ],
        [
          [
            0.38739445374646214,
            -0.9216328507475826,
            -0.02276896197380573
          ],
          [
            0.9219140617251049,
            0.38727628701319755,
            0.009567670081646896
          ],
          [
            -4.178837497600467e-16,
            -0.024697488539441665,
            0.9996949705084269
          ]
        ]
      ]
    ]
  ],
  "GLU": [
    [
      [
        "PHI",
        1,
        -1
      ],
      [
        "BB",
        0
      ],
      [
        [
          -0.5329266960893696,
          1.3606567629623827,
          5.090378336595292e-16
        ],
        [
          [
            -0.3646935578521657,
            0.21100337493446672,
            0.9069047274258717
          ],
          [
            0.9311276007406987,
            0.08264342230049997,
            0.3552062160060435
          ],
          [
            1.996583270263789e-16,
            0.9739854416348976,
            -0.22661058996276834
          ]
        ]
      ]
    ],
    [
      [
        "PSI",
        1,
        -1
      ],
      [
        "BB",
        0
      ],
      [
        [
          1.5266000000000002,
          6.921770650200825e-16,
          3.8356088925884423e-16
        ],
        [
          [
            0.9999999999999998,
            -1.5386280280246183e-16,
            2.4039782134382615e-16
          ],
          [
            2.841881986231273e-16,
            0.6149293141904113,
            -0.7885822332194088
          ],
          [
            -2.6494194768465155e-17,
            0.7885822332194088,
            0.6149293141904113
          ]
        ]
      ]
    ],
    [
      [
        "CHI",
        1,
        -1
      ],
      [
        "BB",
        0
      ],
      [
        [
          -0.5241589170806648,
          -0.7815264795365438,
          -1.2099378626309865
        ],
        [
          [
            -0.3419617152144215,
            -0.9307682495798215,
            0.12935474827669236
          ],
          [
            -0.5098685278813571,
            0.29940430662775236,
            0.8064683164569162
          ],
          [
            -0.78936447196698,
            0.20982737368339335,
            -0.5769542474489819
          ]
        ]
      ]
    ],
    [
      [
        "CHI",
        2,
        -1
      ],
      [
        "CHI",
        1
      ],
      [
        [
          0.6197147057389902,
          1.3914352027639787,
          2.202316555667967e-17
        ],
        [
          [
            0.4068505158475516,
            -0.9033325247270659,
            -0.13587864999625895
          ],
          [
            0.9134947497137469,
            0.40232448383775005,
            0.0605173689952461
          ],
          [
            5.4917509277781484e-17,
            -0.14874595616322692,
            0.9888754423713267
          ]
        ]
      ]
    ],
    [
      [
        "CHI",
        3,
        -1
      ],
      [
        "CHI",
        2
      ],
      [
        [
          0.5994474617521237,
          1.3978926069619726,
          -5.661915822034211e-16
        ],
        [
          [
            0.3941140445444603,
            -0.918508282150094,
            -0.03188503590230622
          ],
          [
            0.9190615430387719,
            0.39387679396186703,
            0.013673013037140646
          ],
          [
            -4.942310967182458e-16,
            -0.034693036765396805,
            0.999398015407273
          ]
        ]
      ]
    ]
  ],
  "GLY": [
    [
      [
        "PHI",
        1,
        -1
      ],
      [
        "BB",
        0
      ],
      [
        [
          -0.5851980408215959,
          1.3339858106511342,
          -3.050557225794842e-16
        ],
        [
          [
            -0.4017285925870781,
            0.6366343355768087,
            -0.6582635191643849
          ],
          [
            0.9157587771340252,
            0.27928120593535977,
            -0.28876957961891636
          ],
          [
            5.795785142634177e-17,
            -0.7188175921441867,
            -0.6951987264257851
          ]
        ]
      ]
    ],
    [
      [
        "PSI",
        1,
        -1
      ],
      [
        "BB",
        0
      ],
      [
        [
          1.5177,
          1.3721539179765444e-16,
          -2.349305324155219e-16
        ],
        [
          [
            0.9999999999999997,
            4.09987786955594e-17,
            3.176051787187207e-17
          ],
          [
            -2.899553099528186e-17,
            0.9497375093436063,
            -0.3130473819500853
          ],
          [
            -4.2998715472890693e-17,
            0.3130473819500853,
            0.9497375093436063
          ]
        ]
      ]
    ]
  ],
  "HSD": [
    [
      [
        "PHI",
        1,
        -1
      ],
      [
        "BB",
        0
      ],
      [
        [
          -0.532156126705663,
          1.3614951695873279,
          2.1812942196695696e-16
        ],
        [
          [
            -0.36404167923495906,
            0.13549589969270237,
            0.9214740999866772
          ],
          [
            0.9313826580840937,
            0.05296013880594403,
            0.36016880475391533
          ],
          [
            3.001474060325142e-16,
            0.9893614530919025,
            -0.14547822907871716
          ]
        ]
      ]
    ],
    [
      [
        "PSI",
        1,
        -1
      ],
      [
        "BB",
        0
      ],
      [
        [
          1.5258000000000003,
          7.021580829471445e-16,
          5.328159536945884e-16
        ],
        [
          [
            1.0000000000000002,
            -1.7329210154246305e-16,
            3.062863177134671e-16
          ],
          [
            3.4258099660524586e-16,
            0.2802901160917244,
            -0.9599153352360238
          ],
          [
            8.049671819667398e-17,
            0.9599153352360238,
            0.2802901160917244
          ]
        ]
      ]
    ],
    [
      [
        "CHI",
        1,
        -1
      ],
      [
        "BB",
        0
      ],
      [
        [
          -0.5273609144598763,
          -0.7813125388946349,
          -1.2088108174838867
        ],
        [
          [
            -0.3440282565463347,
            -0.9355394280922988,
            0.0800658303049685
          ],
          [
            -0.5096957002378727,
            0.25768288245994375,
            0.8208591994039902
          ],
          [
            -0.7885777398942442,
            0.2415895497985572,
            -0.5654906166961716
          ]
        ]
      ]
    ],
    [
      [
        "CHI",
        2,
        -1
      ],
      [
        "CHI",
        1
      ],
      [
        [
          0.5993246608391763,
          1.371030138585584,
          -1.6673811136788002e-16
        ],
        [
          [
            0.40053776705151123,
            -0.9015911531370688,
            -0.1634101886369369
          ],
          [
            0.916280250341231,
            0.39411665496056886,
            0.07143224144112038
          ],
          [
            -9.339989060457157e-17,
            -0.17834083903487116,
            0.9839687724375898
          ]
        ]
      ]
    ]
  ],
  "HSE": [
    [
      [
        "PHI",
        1,
        -1
      ],
      [
        "BB",
        0
      ],
      [
        [
          -0.532156126705663,
          1.3614951695873279,
          2.1812942196695696e-16
        ],
        [
          [
            -0.36404167923495906,
            0.13549589969270237,
            0.9214740999866772
          ],
          [
            0.9313826580840937,
            0.05296013880594403,
            0.36016880475391533
          ],
          [
            3.001474060325142e-16,
            0.9893614530919025,
            -0.14547822907871716
          ]
        ]
      ]
    ],
    [
      [
        "PSI",
        1,
        -1
      ],
      [
        "BB",
        0
      ],
      [
        [
          1.5258000000000003,
          7.021580829471445e-16,
          5.328159536945884e-16
        ],
        [
          [
            1.0000000000000002,
            -1.7329210154246305e-16,
            3.062863177134671e-16
          ],
          [
            3.4258099660524586e-16,
            0.2802901160917244,
            -0.9599153352360238
          ],
          [
            8.049671819667398e-17,
            0.9599153352360238,
            0.2802901160917244
          ]
        ]
      ]
    ],
    [
      [
        "CHI",
        1,
        -1
      ],
      [
        "BB",
        0
      ],
      [
        [
          -0.5273609144598763,
          -0.7813125388946349,
          -1.2088108174838867
        ],
        [
          [
            -0.3440282565463347,
            -0.9355394280922988,
            0.0800658303049685
          ],
          [
            -0.5096957002378727,
            0.25768288245994375,
            0.8208591994039902
          ],
          [
            -0.7885777398942442,
            0.2415895497985572,
            -0.5654906166961716
          ]
        ]
      ]
    ],
    [
      [
        "CHI",
        2,
        -1
      ],
      [
        "CHI",
        1
      ],
      [
        [
          0.5993246608391763,
          1.371030138585584,
          -1.6673811136788002e-16
        ],
        [
          [
            0.40053776705151123,
            -0.9015911531370688,
            -0.1634101886369369
          ],
          [
            0.916280250341231,
            0.39411665496056886,
            0.07143224144112038
          ],
          [
            -9.339989060457157e-17,
            -0.17834083903487116,
            0.9839687724375898
          ]
        ]
      ]
    ]
  ],
  "ILE": [
    [
      [
        "PHI",
        1,
        -1
      ],
      [
        "BB",
        0
      ],
      [
        [
          -0.4979571416018996,
          1.3739463763654194,
          7.8693551884164e-17
        ],
        [
          [
            -0.3407397985506362,
            -0.0580682119834921,
            0.9383626550756977
          ],
          [
            0.9401576408686326,
            -0.02104556724675435,
            0.34008924478082286
          ],
          [
            -2.1819710403908215e-17,
            0.9980907608310496,
            0.0617643355319025
          ]
        ]
      ]
    ],
    [
      [
        "PSI",
        1,
        -1
      ],
      [
        "BB",
        0
      ],
      [
        [
          1.527500000000001,
          5.234682742866188e-16,
          3.402353613614701e-16
        ],
        [
          [
            0.9999999999999998,
            -1.349074398509278e-16,
            1.7415162319422874e-16
          ],
          [
            2.1998436121835586e-16,
            0.6533464092663468,
            -0.7570590924748019
          ],
          [
            -1.1648433700212893e-17,
            0.7570590924748019,
            0.6533464092663468
          ]
        ]
      ]
    ],
    [
      [
        "CHI",
        1,
        -1
      ],
      [
        "BB",
        0
      ],
      [
        [
          -0.5364927905955258,
          -0.7978646401016666,
          -1.2148736525723431
        ],
        [
          [
            -0.3462807658913868,
            -0.8756880168834942,
            0.33654142131441783
          ],
          [
            -0.5149839541093825,
            0.47728933806085055,
            0.712029785039433
          ],
          [
            -0.7841435826323777,
            0.07324878743084395,
            -0.6162413950363695
          ]
        ]
      ]
    ],
    [
      [
        "CHI",
        2,
        -1
      ],
      [
        "CHI",
        1
      ],
      [
        [
          0.5400363856835718,
          1.4355845994360017,
          -5.128561759328526e-16
        ],
        [
          [
            0.35209048486345773,
            0.0796512830369629,
            0.9325706212288598
          ],
          [
            0.9359659665119324,
            -0.029963118177249247,
            -0.35081322820053545
          ],
          [
            -4.3871755851645413e-16,
            0.9963723624527441,
            -0.08510061891865521
          ]
        ]
      ]
    ],
    [
      [
        "XI",
        2,
        2
      ],
      [
        "CHI",
        1
      ],
      [
        [
          0.5391131524576361,
          -0.7892266436559593,
          -1.1978013498868416
        ],
        [
          [
            0.3518096792336445,
            -0.8802153599515069,
            -0.3185135314283528
          ],
          [
            -0.5150265228765072,
            -0.46614894441783283,
            0.7193419509189463
          ],
          [
            -0.7816505807144619,
            -0.08902854443143685,
            -0.6173299668290574
          ]
        ]
      ]
    ],
    [
      [
        "XI",
        3,
        1
      ],
      [
        "CHI",
        2
      ],
      [
        [
          0.6194128554546379,
          1.391131753105196,
          7.841222405530961e-17
        ],
        [
          [
            0.40675916433848003,
            -0.9124254856703319,
            0.045019055142475936
          ],
          [
            0.9135354301977905,
            0.40626495240807525,
            -0.02004510459446222
          ],
          [
            2.8944058631651297e-16,
            0.049280031900600665,
            0.9987850011167951
          ]
        ]
      ]
    ]
  ],
  "LEU": [
    [
      [
        "PHI",
        1,
        -1
      ],
      [
        "BB",
        0
      ],
      [
        [
          -0.5294509194099599,
          1.3617984189798236,
          1.5276416842829343e-16
        ],
        [
          [
            -0.36236460160835,
            0.19283012532488167,
            0.9118708451685538
          ],
          [
            0.9320364239133693,
            0.07497004381873144,
            0.3545244660507871
          ],
          [
            -1.2256942283027337e-16,
            0.9783639585026668,
            -0.20689119049150465
          ]
        ]
      ]
    ],
    [
      [
        "PSI",
        1,
        -1
      ],
      [
        "BB",
        0
      ],
      [
        [
          1.5256,
          1.133920465377348e-15,
          3.8891370937266237e-16
        ],
        [
          [
            1.0,
            -1.0358142804648461e-16,
            4.639344334237435e-16
          ],
          [
            4.728263569573892e-16,
            0.31731453334560467,
            -0.9483203503709393
          ],
          [
            -4.898476210784811e-17,
            0.9483203503709393,
            0.31731453334560467
          ]
        ]
      ]
    ],
    [
      [
        "CHI",
        1,
        -1
      ],
      [
        "BB",
        0
      ],
      [
        [
          -0.5184359223993139,
          -0.7760450806581045,
          -1.215538760037018
        ],
        [
          [
            -0.33829423973854067,
            -0.9368314593037999,
            -0.08890345447976372
          ],
          [
            -0.5063915697605899,
            0.10159944864843425,
            0.8562973374416971
          ],
          [
            -0.7931737422753783,
            0.3347004166311223,
            -0.5087740615163324
          ]
        ]
      ]
    ],
    [
      [
        "CHI",
        2,
        -1
      ],
      [
        "CHI",
        1
      ],
      [
        [
          0.6826581496038517,
          1.3706025283719008,
          -5.380621896257548e-16
        ],
        [
          [
            0.4458321248718988,
            -0.26486393391325086,
            0.8550326385256907
          ],
          [
            0.8951165937643025,
            0.13192119471485148,
            -0.42586744645816577
          ],
          [
            -2.9366975955410563e-16,
            0.9552192915226342,
            0.29589880889080433
          ]
        ]
      ]
    ],
    [
      [
        "XI",
        3,
        1
      ],
      [
        "CHI",
        2
      ],
      [
        [
          0.526721282331325,
          1.4309366620291915,
          1.0220532776157775e-15
        ],
        [
          [
            0.3454363079297777,
            -0.8513612179889567,
            -0.39478834033973687
          ],
          [
            0.9384421970285884,
            0.31338219528905636,
            0.14531979394414232
          ],
          [
            6.064398074121209e-16,
            -0.42068477055887327,
            0.9072068803860717
          ]
        ]
      ]
    ],
    [
      [
        "XI",
        3,
        2
      ],
      [
        "CHI",
        2
      ],
      [
        [
          0.538897669502282,
          -0.7739738688374199,
          1.1992973952118158
        ],
        [
          [
            0.3532133902485954,
            -0.9284288014576627,
            0.11515320913019064
          ],
          [
            -0.5072909935357015,
            -0.29349135451140784,
            -0.8102583987251347
          ],
          [
            0.786063705323337,
            0.22777793012262418,
            -0.5746486454542451
          ]
        ]
      ]
    ]
  ],
  "LYS": [
    [
      [
        "PHI",
        1,
        -1
      ],
      [
        "BB",
        0
      ],
      [
        [
          -0.5320833183698149,
          1.3613088930557105,
          2.3294111805215056e-16
        ],
        [
          [
            -0.36404167923495845,
            0.45946477310527095,
            0.8101640439164858
          ],
          [
            0.9313826580840935,
            0.17958711824699866,
            0.3166619825301845
          ],
          [
            1.1027733657200997e-17,
            0.8698509005772543,
            -0.4933147177663966
          ]
        ]
      ]
    ],
    [
      [
        "PSI",
        1,
        -1
      ],
      [
        "BB",
        0
      ],
      [
        [
          1.5265000000000004,
          -5.548493464509875e-18,
          1.7977067828745206e-16
        ],
        [
          [
            0.9999999999999998,
            -6.531962755662837e-17,
            -5.441586427425744e-18
          ],
          [
            3.441528159462618e-17,
            0.5938988833126482,
            -0.8045396922464355
          ],
          [
            5.578398515475899e-17,
            0.8045396922464355,
            0.5938988833126482
          ]
        ]
      ]
    ],
    [
      [
        "CHI",
        1,
        -1
      ],
      [
        "BB",
        0
      ],
      [
        [
          -0.5234802420455599,
          -0.781608176935401,
          -1.2097988857391302
        ],
        [
          [
            -0.3415858023135791,
            -0.9374092516909819,
            0.06769811298656825
          ],
          [
            -0.5100216488974885,
            0.24538655612007085,
            0.8244169792837958
          ],
          [
            -0.789428310433364,
            0.2470816320969345,
            -0.5619195758884359
          ]
        ]
      ]
    ],
    [
      [
        "CHI",
        2,
        -1
      ],
      [
        "CHI",
        1
      ],
      [
        [
          0.6209667462679797,
          1.3908768960728901,
          -1.085889656471669e-16
        ],
        [
          [
            0.40767249623685653,
            -0.8939710140545998,
            -0.18606171514365846
          ],
          [
            0.9131282143335673,
            0.39911962979812093,
            0.08306855781702661
          ],
          [
            -2.969145226824151e-17,
            -0.2037629680290327,
            0.9790202515065755
          ]
        ]
      ]
    ],
    [
      [
        "CHI",
        3,
        -1
      ],
      [
        "CHI",
        2
      ],
      [
        [
          0.5605041339834135,
          1.4168616043169167,
          -7.667777830246243e-16
        ],
        [
          [
            0.3678572776684472,
            -0.9248772790421216,
            -0.09634854424432594
          ],
          [
            0.929882263120638,
            0.365877328280319,
            0.03811505455980292
          ],
          [
            -4.4202528380868077e-16,
            -0.10361370257884615,
            0.9946176152863484
          ]
        ]
      ]
    ],
    [
      [
        "CHI",
        4,
        -1
      ],
      [
        "CHI",
        3
      ],
      [
        [
          0.5600843386346086,
          1.417457704348259,
          -4.631563377375992e-16
        ],
        [
          [
            0.3674852953445368,
            -0.9291495463800704,
            -0.0404435182352944
          ],
          [
            0.9300293316372013,
            0.36713766314191865,
            0.01598056936258785
          ],
          [
            -1.877686050027904e-16,
            -0.043486282485412246,
            0.9990540241826763
          ]
        ]
      ]
    ],
    [
      [
        "XI",
        5,
        1
      ],
      [
        "CHI",
        4
      ],
      [
        [
          0.5558348853182583,
          1.3871838163211248,
          -1.7574733009678883e-16
        ],
        [
          [
            0.3719451855716394,
            -0.921000565453077,
            -0.11582200725765021
          ],
          [
            0.9282546950756989,
            0.36903850639946806,
            0.04640907092768704
          ],
          [
            -1.374178636767157e-16,
            -0.1247739525284114,
            0.992185194795023
          ]
        ]
      ]
    ]
  ],
  "MET": [
    [
      [
        "PHI",
        1,
        -1
      ],
      [
        "BB",
        0
      ],
      [
        [
          -0.5299837769984883,
          1.3643807702098472,
          -3.5112796138088994e-17
        ],
        [
          [
            -0.3620849743789632,
            0.4250588374771644,
            0.8295899324434616
          ],
          [
            0.9321450913505824,
            0.1651110108346707,
            0.3222481695404455
          ],
          [
            -1.7519996389204286e-16,
            0.8899794035727541,
            -0.4560007250172802
          ]
        ]
      ]
    ],
    [
      [
        "PSI",
        1,
        -1
      ],
      [
        "BB",
        0
      ],
      [
        [
          1.5257000000000003,
          3.8419132081321866e-16,
          4.00675710424966e-16
        ],
        [
          [
            1.0,
            -1.35317958073315e-16,
            1.7700422948434898e-16
          ],
          [
            2.052144922793043e-16,
            0.2500155612786403,
            -0.9682418185136018
          ],
          [
            8.676669401923106e-17,
            0.9682418185136018,
            0.2500155612786403
          ]
        ]
      ]
    ],
    [
      [
        "CHI",
        1,
        -1
      ],
      [
        "BB",
        0
      ],
      [
        [
          -0.5211831021298011,
          -0.7775890134425403,
          -1.2128701126781114
        ],
        [
          [
            -0.340175642666798,
            -0.9368198792116247,
            0.08154168289990066
          ],
          [
            -0.5075315014963384,
            0.25590678992486393,
            0.8227536021551191
          ],
          [
            -0.7916390005078724,
            0.23849576261281566,
            -0.5625188566533821
          ]
        ]
      ]
    ],
    [
      [
        "CHI",
        2,
        -1
      ],
      [
        "CHI",
        1
      ],
      [
        [
          0.6181418693820276,
          1.3893988337827587,
          -1.69176259436914e-16
        ],
        [
          [
            0.40648508540936923,
            -0.898732065805013,
