{
  "ALA": [
    [
      [
        "PHI",
        1,
        -1
      ],
      [
        "BB",
        0
      ],
      [
        [
          -0.5266776053720107,
          1.3639454204621253,
          2.0083782587072147e-16
        ],
        [
          [
            -0.36021996126941447,
            0.08439879560830268,
            0.92904166903478
          ],
          [
            0.9328673965269993,
            0.03258998116816304,
            0.35874268441934426
          ],
          [
            -1.5948172600672325e-16,
            0.9958989589447953,
            -0.09047244648329825
          ]
        ]
      ]
    ],
    [
      [
        "PSI",
        1,
        -1
      ],
      [
        "BB",
        0
      ],
      [
        [
          1.5263000000000022,
          2.5305813197645984e-16,
          1.7653097954152977e-16
        ],
        [
          [
            1.0000000000000004,
            -5.863148428491252e-17,
            6.138298373473441e-17
          ],
          [
            8.157199784543177e-17,
            0.8638164109095611,
            -0.5038067171478811
          ],
          [
            -2.3484693081568875e-17,
            0.5038067171478811,
            0.8638164109095611
          ]
        ]
      ]
    ],
    [
      [
        "XI",
        1,
        1
      ],
      [
        "BB",
        0
      ],
      [
        [
          -0.528652347331411,
          -0.7758742568201671,
          -1.2054145524527013
        ],
        [
          [
            -0.34599931103567666,
            0.8067509976615488,
            -0.4789961425052746
          ],
          [
            -0.5078043437529726,
            -0.5903127772514971,
            -0.6274277436320758
          ],
          [
            -0.7889355013107539,
            0.02614675478372908,
            0.6139194751641533
          ]
        ]
      ]
    ]
  ],
  "ARG": [
    [
      [
        "PHI",
        1,
        -1
      ],
      [
        "BB",
        0
      ],
      [
        [
          -0.5254350611269389,
          1.3635672651316215,
          3.4219937862931575e-16
        ],
        [
          [
            -0.35956686589128795,
            0.0534350616876762,
            0.9315880866217382
          ],
          [
            0.9331193219267925,
            0.02059059030100404,
            0.3589768218672894
          ],
          [
            8.38566148832769e-17,
            0.9983590144699905,
            -0.05726498255050435
          ]
        ]
      ]
    ],
    [
      [
        "PSI",
        1,
        -1
      ],
      [
        "BB",
        0
      ],
      [
        [
          1.5259000000000003,
          3.826804564466689e-16,
          1.2985724402605064e-16
        ],
        [
          [
            0.9999999999999998,
            -5.798893244840002e-17,
            1.2042173749446922e-16
          ],
          [
            1.2387690729869127e-16,
            0.7404208856743291,
            -0.6721435204308984
          ],
          [
            -5.018588432819932e-17,
            0.6721435204308984,
            0.7404208856743291
          ]
        ]
      ]
    ],
    [
      [
        "CHI",
        1,
        -1
      ],
      [
        "BB",
        0
      ],
      [
        [
          -0.5241803191830435,
          -0.7797410609381373,
          -1.2095608421523196
        ],
        [
          [
            -0.3422436139873619,
            -0.9250413843048835,
            0.164826411743308
          ],
          [
            -0.5091022858044775,
            0.32999892182598745,
            0.7949311757519276
          ],
          [
            -0.7897367734084095,
            0.18814661548109446,
            -0.583880706831013
          ]
        ]
      ]
    ],
    [
      [
        "CHI",
        2,
        -1
      ],
      [
        "CHI",
        1
      ],
      [
        [
          0.6166418319950142,
          1.391268518666988,
          -5.4867784171945006e-17
        ],
        [
          [
            0.4052055670883257,
            -0.9132500940723031,
            -0.04222219887166824
          ],
          [
            0.9142256003857193,
            0.40477320051626803,
            0.018713838280498888
          ],
          [
            4.437545173926178e-17,
            -0.0461835665659049,
            0.9989329698129165
          ]
        ]
      ]
    ],
    [
      [
        "CHI",
        3,
        -1
      ],
      [
        "CHI",
        2
      ],
      [
        [
          0.5649842993753822,
          1.4141119409223977,
          -2.938297231390662e-16
        ],
        [
          [
            0.3710167450586963,
            -0.9238749984252845,
            -0.09381664122495144
          ],
          [
            0.9286261760719708,
            0.369118493091338,
            0.03748283836543871
          ],
          [
            -1.1540056841540157e-16,
            -0.10102734947854894,
            0.9948836488038888
          ]
        ]
      ]
    ],
    [
      [
        "CHI",
        4,
        -1
      ],
      [
        "CHI",
        3
      ],
      [
        [
          0.5397232899873781,
          1.3579751324104583,
          1.036687773971216e-17
        ],
        [
          [
            0.3693446177974255,
            -0.9289784183069,
            -0.024158882922946462
          ],
          [
            0.9292925014784496,
            0.3692197863490192,
            0.00960187816580072
          ],
          [
            1.5114815818506748e-16,
            -0.02599707076567502,
            0.999662019040238
          ]
        ]
      ]
    ]
  ],
  "ASN": [
    [
      [
        "PHI",
        1,
        -1
      ],
      [
        "BB",
        0
      ],
      [
        [
          -0.5382913621915185,
          1.3583282443467037,
          1.317581839593644e-16
        ],
        [
          [
            -0.36841514077853604,
            0.1423236498312184,
            0.9187024887001518
          ],
          [
            0.9296613813884773,
            0.05640138284583967,
            0.36407224553369283
          ],
          [
            -3.4668545123250637e-16,
            0.988211952321868,
            -0.1530919243075944
          ]
        ]
      ]
    ],
    [
      [
        "PSI",
        1,
        -1
      ],
      [
        "BB",
        0
      ],
      [
        [
          1.5261000000000005,
          -7.825769451162512e-17,
          1.5711505422642611e-16
        ],
        [
          [
            0.9999999999999998,
            -4.7861971492646e-17,
            -3.187194250513245e-17
          ],
          [
            1.482262910210018e-17,
            0.7500887898233923,
            -0.6613371359460154
          ],
          [
            5.555968593067188e-17,
            0.6613371359460154,
            0.7500887898233923
          ]
        ]
      ]
    ],
    [
      [
        "CHI",
        1,
        -1
      ],
      [
        "BB",
        0
      ],
      [
        [
          -0.5316418426147876,
          -0.7897931768388621,
          -1.2012741273331111
        ],
        [
          [
            -0.34684358208167276,
            -0.9363412826080791,
            -0.05444751649626661
          ],
          [
            -0.515261728104686,
            0.14171572459192047,
            0.8452348815293649
          ],
          [
            -0.7837122438237943,
            0.32121901545089804,
            -0.5316140169271585
          ]
        ]
      ]
    ],
    [
      [
        "CHI",
        2,
        -1
      ],
      [
        "CHI",
        1
      ],
      [
        [
          0.5848162425537232,
          1.3999592145649626,
          -3.652352086188223e-16
        ],
        [
          [
            0.3854575814353566,
            -0.9193706745047978,
            -0.07861307635882918
          ],
          [
            0.9227255566602705,
            0.3840561194813497,
            0.03283967379438716
          ],
          [
            -2.8004864099798136e-16,
            -0.08519659587988751,
            0.9963641603602971
          ]
        ]
      ]
    ]
  ],
  "ASP": [
    [
      [
        "PHI",
        1,
        -1
      ],
      [
        "BB",
        0
      ],
      [
        [
          -0.5263688024181257,
          1.3639574347614039,
          -3.9659149750077134e-16
        ],
        [
          [
            -0.36003338058695333,
            0.1842457467473757,
            0.9145651806561588
          ],
          [
            0.9329394218614253,
            0.07110281493719424,
            0.35294252342963306
          ],
          [
            -6.417502878712494e-16,
            0.9803050007592073,
            -0.19748950728200984
          ]
        ]
      ]
    ],
    [
      [
        "PSI",
        1,
        -1
      ],
      [
        "BB",
        0
      ],
      [
        [
          1.527200000000001,
          -2.2810043833501123e-17,
          1.300926461762929e-16
        ],
        [
          [
            1.0000000000000002,
            -3.1381449922813635e-17,
            -1.060570724233587e-17
          ],
          [
            2.3418072374166346e-17,
            0.8961856416332552,
            -0.4436792712426297
          ],
          [
            2.3427981382238263e-17,
            0.4436792712426297,
            0.8961856416332552
          ]
        ]
      ]
    ],
    [
      [
        "CHI",
        1,
        -1
      ],
      [
        "BB",
        0
      ],
      [
        [
          -0.5261406258680775,
          -0.780713789105539,
          -1.2094756348565356
        ],
        [
          [
            -0.34327697910098354,
            -0.9385874172147078,
            0.03485076563760108
          ],
          [
            -0.5093715594085856,
            0.21721483906014577,
            0.8326814085577635
          ],
          [
            -0.7891143960700305,
            0.2680883696438528,
            -0.5526545901164056
          ]
        ]
      ]
    ],
    [
      [
        "CHI",
        2,
        -1
      ],
      [
        "CHI",
        1
      ],
      [
        [
          0.5939648336222548,
          1.3986014537458797,
          -1.9907237184318807e-16
        ],
        [
          [
            0.39089492176522217,
            -0.9166852032182367,
            -0.08300239959725138
          ],
          [
            0.9204353101322014,
            0.38930230821312484,
            0.0352498607340839
          ],
          [
            -1.3169719928557817e-16,
            -0.09017733096889763,
            0.995925724629767
          ]
        ]
      ]
    ]
  ],
  "CYS": [
    [
      [
        "PHI",
        1,
        -1
      ],
      [
        "BB",
        0
      ],
      [
        [
          -0.5230667697772861,
          1.3635135915548302,
          3.824202173701523e-16
        ],
        [
          [
            -0.3581667829206289,
            -0.22384019165107313,
            0.9064282234208608
          ],
          [
            0.9336576222643326,
            -0.08586886608130113,
            0.34772112709127195
          ],
          [
            1.0990567258292501e-16,
            0.9708357772762201,
            0.2397454766215154
          ]
        ]
      ]
    ],
    [
      [
        "PSI",
        1,
        -1
      ],
      [
        "BB",
        0
      ],
      [
        [
          1.5247000000000006,
          1.0597179332851286e-15,
          3.5256999871905597e-16
        ],
        [
          [
            0.9999999999999997,
            -1.425554026414692e-16,
            3.8967708817363967e-16
          ],
          [
            4.036074878868637e-16,
            0.552112945758748,
            -0.8337693296863331
          ],
          [
            -9.62874425426965e-17,
            0.8337693296863331,
            0.552112945758748
          ]
        ]
      ]
    ],
    [
      [
        "CHI",
        1,
        -1
      ],
      [
        "BB",
        0
      ],
      [
        [
          -0.5201390518020009,
          -0.7746989088113582,
          -1.2128953200820787
        ],
        [
          [
            -0.33989351878847335,
            -0.8660735250720658,
            0.366591114260611
          ],
          [
            -0.5062398933616665,
            0.4969951144400718,
            0.7047815452974555
          ],
          [
            -0.7925866301261706,
            0.05396763281770382,
            -0.607366387243561
          ]
        ]
      ]
    ],
    [
      [
        "XI",
        2,
        1
      ],
      [
        "CHI",
        1
      ],
      [
        [
          0.7305468127878243,
          1.6536148869448275,
          2.6569343432085506e-17
        ],
        [
          [
            0.4041082048831861,
            -0.8336011262921424,
            0.376571003916341
          ],
          [
            0.9147111887071729,
            0.3682747722924822,
            -0.1663644593861066
          ],
          [
            -3.377192481184329e-17,
            0.41168295366385094,
            0.9113271342732027
          ]
        ]
      ]
    ]
  ],
  "GLN": [
    [
      [
        "PHI",
        1,
        -1
      ],
      [
        "BB",
        0
      ],
      [
        [
          -0.5281249997309257,
          1.3624204287440835,
          -3.569954651166583e-16
        ],
        [
          [
            -0.3614323841574909,
            0.21120051863211892,
            0.9081635164505104
          ],
          [
            0.9323983224364105,
            0.08186920240808541,
            0.3520380689852051
          ],
          [
            -4.685133111181658e-16,
            0.974008097823929,
            -0.22651319028571393
          ]
        ]
      ]
    ],
    [
      [
        "PSI",
        1,
        -1
      ],
      [
        "BB",
        0
      ],
      [
        [
          1.5260000000000014,
          5.334514935142904e-16,
          -1.1951154249243607e-17
        ],
        [
          [
            1.0,
            -1.938439585011947e-17,
            1.663559124749414e-16
          ],
          [
            1.1769104615461208e-16,
            0.7880262161627104,
            -0.6156416836442131
          ],
          [
            -1.1915897814632965e-16,
            0.6156416836442131,
            0.7880262161627104
          ]
        ]
      ]
    ],
    [
      [
        "CHI",
        1,
        -1
      ],
      [
        "BB",
        0
      ],
      [
        [
          -0.5244338872639107,
          -0.7814465491490753,
          -1.2082229259173427
        ],
        [
          [
            -0.34243152939204097,
            -0.9379375520761593,
            0.054898051728728886
          ],
          [
            -0.510249134279514,
            0.23471377320714196,
            0.8273785503829993
          ],
          [
            -0.7889147410495222,
            0.25530881902560415,
            -0.5589552202838052
          ]
        ]
      ]
    ],
    [
      [
        "CHI",
        2,
        -1
      ],
      [
        "CHI",
        1
      ],
      [
        [
          0.6160184085515059,
          1.393622262424674,
          -5.091148202522736e-16
        ],
        [
          [
            0.4042911390375442,
            -0.9036370727653754,
            0.14138145429917076
          ],
          [
            0.9146303487725108,
            0.3994318162689048,
            -0.06249439379975434
          ],
          [
            -2.866037799720455e-16,
            0.1545776985083789,
            0.9879806349943567
          ]
        ]
      ]
    ],
    [
      [
        "CHI",
        3,
        -1
      ],
      [
        "CHI",
        2
      ],
      [
        [
          0.5882197385686279,
          1.3998343113233997,
          -2.941800311385376e-16
        ],
        [
          [
            0.3873944537464621,
            -0.9219090419075943,
            0.003042310881877226
          ],
          [
            0.9219140617251048,
            0.3873923443855757,
            -0.001278399377059318
          ],
          [
            -1.4562834853511236e-16,
            0.003299994010487631,
            0.9999945550049415
          ]
        ]
      ]
    ]
  ],
  "GLU": [
    [
      [
        "PHI",
        1,
        -1
      ],
      [
        "BB",
        0
      ],
      [
        [
          -0.5297595236030862,
          1.3617856979539156,
          6.0085755657072256e-18
        ],
        [
          [
            -0.3625510016445977,
            0.1590460905306312,
            0.9182924982234265
          ],
          [
            0.9319639323528028,
            0.06187183583807336,
            0.3572325639181394
          ],
          [
            -2.1812900479304615e-16,
            0.9853305115629727,
            -0.17065691601295047
          ]
        ]
      ]
    ],
    [
      [
        "PSI",
        1,
        -1
      ],
      [
        "BB",
        0
      ],
      [
        [
          1.5263000000000015,
          -8.687236805632124e-17,
          1.283075125974564e-16
        ],
        [
          [
            1.0000000000000002,
            -3.148890885110573e-17,
            -2.923585034723289e-17
          ],
          [
            1.2195645083527145e-17,
            0.8604215428722023,
            -0.5095829359009381
          ],
          [
            4.1201366083610417e-17,
            0.5095829359009381,
            0.8604215428722023
          ]
        ]
      ]
    ],
    [
      [
        "CHI",
        1,
        -1
      ],
      [
        "BB",
        0
      ],
      [
        [
          -0.5257907569766958,
          -0.7828532153056355,
          -1.2074830570916928
        ],
        [
          [
            -0.343183053962989,
            -0.9311539976392431,
            0.12319750059596564
          ],
          [
            -0.5109674403143633,
            0.29513729888142803,
            0.8073451862416485
          ],
          [
            -0.7881228751985468,
            0.21411727508407932,
            -0.5770754942807267
          ]
        ]
      ]
    ],
    [
      [
        "CHI",
        2,
        -1
      ],
      [
        "CHI",
        1
      ],
      [
        [
          0.6165710830843714,
          1.3926123292230919,
          -5.681733998074242e-16
        ],
        [
          [
            0.40483984444147836,
            -0.9075130555170183,
            0.11191404924657664
          ],
          [
            0.9143876094701853,
            0.40179617529703626,
            -0.04954930033889199
          ],
          [
            -3.52918033599842e-16,
            0.1223923509980869,
            0.9924817945016228
          ]
        ]
      ]
    ],
    [
      [
        "CHI",
        3,
        -1
      ],
      [
        "CHI",
        2
      ],
      [
        [
          0.6009817808804834,
          1.3979956327005203,
          -4.779780105429599e-17
        ],
        [
          [
            0.3949410402053513,
            -0.9183067450641983,
            -0.027097910087566436
          ],
          [
            0.9187064682266671,
            0.39476920394748277,
            0.011649070913838492
          ],
          [
            1.5030612461804192e-17,
            -0.029495721457009204,
            0.9995649065547126
          ]
        ]
      ]
    ]
  ],
  "GLY": [
    [
      [
        "PHI",
        1,
        -1
      ],
      [
        "BB",
        0
      ],
      [
        [
          -0.574279226107008,
          1.3388314346705252,
          -9.60577498748169e-16
        ],
        [
          [
            -0.3942059487280398,
            0.8993081903635541,
            -0.18933158408584552
          ],
          [
            0.9190221270390753,
            0.38574983991227474,
            -0.08121201278276798
          ],
          [
            -6.15418589623168e-16,
            -0.20601417366939598,
            -0.978549007585883
          ]
        ]
      ]
    ],
    [
      [
        "PSI",
        1,
        -1
      ],
      [
        "BB",
        0
      ],
      [
        [
          1.5174000000000003,
          1.9689536344180644e-16,
          -6.767443832019736e-17
        ],
        [
          [
            0.9999999999999999,
            5.375300626866961e-18,
            2.058591265827927e-17
          ],
          [
            -2.045993347570424e-18,
            0.9873702699151997,
            -0.158429637655286
          ],
          [
            -2.1177525068458698e-17,
            0.158429637655286,
            0.9873702699151997
          ]
        ]
      ]
    ]
  ],
  "HSD": [
    [
      [
        "PHI",
        1,
        -1
      ],
      [
        "BB",
        0
      ],
      [
        [
          -0.5277802559050395,
          1.3623395323768632,
          -7.18672038019234e-17
        ],
        [
          [
            -0.36124589726559864,
            0.0361673592396367,
            0.9317689219084331
          ],
          [
            0.9324705902647937,
            0.014011498353572667,
            0.3609740658345351
          ],
          [
            -2.7670721098571e-16,
            0.9992475169043549,
            -0.03878659511327467
          ]
        ]
      ]
    ],
    [
      [
        "PSI",
        1,
        -1
      ],
      [
        "BB",
        0
      ],
      [
        [
          1.5254000000000003,
          4.470605831618226e-16,
          7.366676189373129e-17
        ],
        [
          [
            0.9999999999999997,
            -3.463299790396751e-17,
            1.623573908810659e-16
          ],
          [
            1.5203663322320733e-16,
            0.5837960013058364,
            -0.8119003811178531
          ],
          [
            -6.666505138132996e-17,
            0.8119003811178531,
            0.5837960013058364
          ]
        ]
      ]
    ],
    [
      [
        "CHI",
        1,
        -1
      ],
      [
        "BB",
        0
      ],
      [
        [
          -0.5262159054855137,
          -0.7796157120470804,
          -1.2098976867253624
        ],
        [
          [
            -0.343370900806208,
            -0.9071872757650288,
            0.24312069259846822
          ],
          [
            -0.5087215086767247,
            0.39724642668678134,
            0.7638047545637962
          ],
          [
            -0.7894927808974634,
            0.13858760108541218,
            -0.5979085429530008
          ]
        ]
      ]
    ],
    [
      [
        "CHI",
        2,
        -1
      ],
      [
        "CHI",
        1
      ],
      [
        [
          0.6004614201154691,
          1.3706418361311297,
          -4.570675436657316e-17
        ],
        [
          [
            0.4012706630015163,
            -0.9095359826502284,
            -0.10828735511964126
          ],
          [
            0.9159595269521049,
            0.39845658682785545,
            0.04743936550136597
          ],
          [
            -8.065771044989089e-17,
            -0.11822286021738557,
            0.9929870871879557
          ]
        ]
      ]
    ]
  ],
  "HSE": [
    [
      [
        "PHI",
        1,
        -1
      ],
      [
        "BB",
        0
      ],
      [
        [
          -0.5277802559050395,
          1.3623395323768632,
          -7.18672038019234e-17
        ],
        [
          [
            -0.36124589726559864,
            0.0361673592396367,
            0.9317689219084331
          ],
          [
            0.9324705902647937,
            0.014011498353572667,
            0.3609740658345351
          ],
          [
            -2.7670721098571e-16,
            0.9992475169043549,
            -0.03878659511327467
          ]
        ]
      ]
    ],
    [
      [
        "PSI",
        1,
        -1
      ],
      [
        "BB",
        0
      ],
      [
        [
          1.5254000000000003,
          4.470605831618226e-16,
          7.366676189373129e-17
        ],
        [
          [
            0.9999999999999997,
            -3.463299790396751e-17,
            1.623573908810659e-16
          ],
          [
            1.5203663322320733e-16,
            0.5837960013058364,
            -0.8119003811178531
          ],
          [
            -6.666505138132996e-17,
            0.8119003811178531,
            0.5837960013058364
          ]
        ]
      ]
    ],
    [
      [
        "CHI",
        1,
        -1
      ],
      [
        "BB",
        0
      ],
      [
        [
          -0.5262159054855137,
          -0.7796157120470804,
          -1.2098976867253624
        ],
        [
          [
            -0.343370900806208,
            -0.9071872757650288,
            0.24312069259846822
          ],
          [
            -0.5087215086767247,
            0.39724642668678134,
            0.7638047545637962
          ],
          [
            -0.7894927808974634,
            0.13858760108541218,
            -0.5979085429530008
          ]
        ]
      ]
    ],
    [
      [
        "CHI",
        2,
        -1
      ],
      [
        "CHI",
        1
      ],
      [
        [
          0.6004614201154691,
          1.3706418361311297,
          -4.570675436657316e-17
        ],
        [
          [
            0.4012706630015163,
            -0.9095359826502284,
            -0.10828735511964126
          ],
          [
            0.9159595269521049,
            0.39845658682785545,
            0.04743936550136597
          ],
          [
            -8.065771044989089e-17,
            -0.11822286021738557,
            0.9929870871879557
          ]
        ]
      ]
    ]
  ],
  "ILE": [
    [
      [
        "PHI",
        1,
        -1
      ],
      [
        "BB",
        0
      ],
      [
        [
          -0.4949352524500745,
          1.374612707595192,
          3.684915400271476e-16
        ],
        [
          [
            -0.33876471762496524,
            0.04391925993609059,
            0.9398455004409736
          ],
          [
            0.9408711208728208,
            0.015813319550870154,
            0.33839543855126725
          ],
          [
            -1.2761659347134917e-16,
            0.998909924633572,
            -0.046679358056338174
          ]
        ]
      ]
    ],
    [
      [
        "PSI",
        1,
        -1
      ],
      [
        "BB",
        0
      ],
      [
        [
          1.5271000000000003,
          4.831335715849556e-16,
          2.1449390559353317e-16
        ],
        [
          [
            0.9999999999999998,
            -8.905935083768881e-17,
            1.659316420796427e-16
          ],
          [
            1.846268149792319e-16,
            0.6373052792303089,
            -0.7706114332562016
          ],
          [
            -3.7118957494812096e-17,
            0.7706114332562016,
            0.6373052792303089
          ]
        ]
      ]
    ],
    [
      [
        "CHI",
        1,
        -1
      ],
      [
        "BB",
        0
      ],
      [
        [
          -0.5369485494206377,
          -0.7958558871882324,
          -1.2144600743140568
        ],
        [
          [
            -0.34684358208167304,
            -0.9342887454280014,
            0.08248678521632924
          ],
          [
            -0.514085580510453,
            0.2629307682019473,
            0.8164456056859909
          ],
          [
            -0.7844842544500077,
            0.24077365158859265,
            -0.5715002215403865
          ]
        ]
      ]
    ],
    [
      [
        "CHI",
        2,
        -1
      ],
      [
        "CHI",
        1
      ],
      [
        [
          0.5345380442319213,
          1.4379610179934337,
          -1.1406770923024895e-15
        ],
        [
          [
            0.34843754920273873,
            0.21332890371932894,
            0.9127332869702403
          ],
          [
            0.9373319979098067,
            -0.07930146474442838,
            -0.33929338835851064
          ],
          [
            -8.744661293473871e-16,
            0.9737566721349323,
            -0.2275916155588833
          ]
        ]
      ]
    ],
    [
      [
        "XI",
        2,
        2
      ],
      [
        "CHI",
        1
      ],
      [
        [
          0.5407918435846959,
          -0.7852068777127608,
          -1.2010897514777328
        ],
        [
          [
            0.3526520010333851,
            -0.9147260755580681,
            -0.19726320706427905
          ],
          [
            -0.512035785922896,
            -0.3650781730663193,
            0.777519955682734
          ],
          [
            -0.7832342689779804,
            -0.17318814695207596,
            -0.5971180332679918
          ]
        ]
      ]
    ],
    [
      [
        "XI",
        3,
        1
      ],
      [
        "CHI",
        2
      ],
      [
        [
          0.6202542457701853,
          1.3915232375364999,
          -7.006722980906628e-17
        ],
        [
          [
            0.40712454596008185,
            -0.9068914413999154,
            -0.10861637810377044
          ],
          [
            0.9133726534535601,
            0.4042356259725673,
            0.04841440506470582
          ],
          [
            2.7485955744681187e-16,
            -0.11891792215705181,
            0.9929040879107355
          ]
        ]
      ]
    ]
  ],
  "LEU": [
    [
      [
        "PHI",
        1,
        -1
      ],
      [
        "BB",
        0
      ],
      [
        [
          -0.5221902434844116,
          1.3644919749158262,
          4.753316411053147e-16
        ],
        [
          [
            -0.35741974228912504,
            0.15717493733276355,
            0.9206232491613592
          ],
          [
            0.9339438568896828,
            0.06015075229775963,
            0.3523219538661168
          ],
          [
            9.942455787720329e-17,
            0.9857372500176993,
            -0.1682916335637176
          ]
        ]
      ]
    ],
    [
      [
        "PSI",
        1,
        -1
      ],
      [
        "BB",
        0
      ],
      [
        [
          1.5255000000000012,
          5.702438370299444e-16,
          4.0016125647555047e-16
        ],
        [
          [
            1.0,
            -1.5275197015716006e-16,
            1.6724727762657227e-16
          ],
          [
            2.2488043441412093e-16,
            0.7578401663535264,
            -0.6524402518708203
          ],
          [
            -2.7085170815594385e-17,
            0.6524402518708203,
            0.7578401663535264
          ]
        ]
      ]
    ],
    [
      [
        "CHI",
        1,
        -1
      ],
      [
        "BB",
        0
      ],
      [
        [
          -0.5223696108031998,
          -0.7760801412948702,
          -1.2134522833622452
        ],
        [
          [
            -0.3409278232627595,
            -0.9225140667823729,
            0.18093097002438532
          ],
          [
            -0.5065136022026306,
            0.3423922218654708,
            0.791335287466534
          ],
          [
            -0.7919672910600744,
            0.17814421964990781,
            -0.5839969579512323
          ]
        ]
      ]
    ],
    [
      [
        "CHI",
        2,
        -1
      ],
      [
        "CHI",
        1
      ],
      [
        [
          0.6800487933590977,
          1.3722339044969107,
          -8.433993071446624e-16
        ],
        [
          [
            0.4440410012139065,
            -0.20548730732568846,
            0.8721253096711445
          ],
          [
            0.896006467187013,
            0.10183496774092421,
            -0.4322060273807544
          ],
          [
            -5.217994057308959e-16,
            0.9733471147916569,
            0.229336857322928
          ]
        ]
      ]
    ],
    [
      [
        "XI",
        3,
        1
      ],
      [
        "CHI",
        2
      ],
      [
        [
          0.5301419732210255,
          1.4309526505895718,
          -8.785003521013019e-18
        ],
        [
          [
            0.34740627340827335,
            -0.898129203254674,
            -0.2695789595975553
          ],
          [
            0.9377147120508328,
            0.33274056120912593,
            0.09987410940609127
          ],
          [
            -6.826092793344743e-17,
            -0.287485048632725,
            0.9577851255958403
          ]
        ]
      ]
    ],
    [
      [
        "XI",
        3,
        2
      ],
      [
        "CHI",
        2
      ],
      [
        [
          0.5363932199584337,
          -0.7751845147469442,
          1.2009097266985422
        ],
        [
          [
            0.3513415995011686,
            -0.910601091169624,
            0.21763440265879563
          ],
          [
            -0.507751696303756,
            -0.38062275167355525,
            -0.7728612655639494
          ],
          [
            0.7866049169440901,
            0.16103407611167714,
            -0.5960878550769508
          ]
        ]
      ]
    ]
  ],
  "LYS": [
    [
      [
        "PHI",
        1,
        -1
      ],
      [
        "BB",
        0
      ],
      [
        [
          -0.5271070317741828,
          1.3630290301582761,
          5.882659635915245e-17
        ],
        [
          [
            -0.3606863499207493,
            0.24112416195655104,
            0.9009797420040021
          ],
          [
            0.932687169945447,
            0.09324690706198424,
            0.3484245360799478
          ],
          [
            -2.5778398108205185e-16,
            0.9660042198893983,
            -0.2585262987703096
          ]
        ]
      ]
    ],
    [
      [
        "PSI",
        1,
        -1
      ],
      [
        "BB",
        0
      ],
      [
        [
          1.5262000000000011,
          0.0,
          0.0
        ],
        [
          [
            1.0,
            0.0,
            0.0
          ],
          [
            0.0,
            0.7779498545796174,
            -0.6283263672324696
          ],
          [
            0.0,
            0.6283263672324696,
            0.7779498545796174
          ]
        ]
      ]
    ],
    [
      [
        "CHI",
        1,
        -1
      ],
      [
        "BB",
        0
      ],
      [
        [
          -0.5247147858120398,
          -0.7801714006291813,
          -1.2094315148823136
        ],
        [
          [
            -0.34252548195837856,
            -0.9348807220967417,
            0.09313608141346662
          ],
          [
            -0.5092835045558987,
            0.26806398455154284,
            0.8177848202147144
          ],
          [
            -0.7894976923312967,
            0.23267946973943715,
            -0.5679380759953779
          ]
        ]
      ]
    ],
    [
      [
        "CHI",
        2,
        -1
      ],
      [
        "CHI",
        1
      ],
      [
        [
          0.6200099710426092,
          1.3909752139444258,
          7.538441155778944e-17
        ],
        [
          [
            0.4071245459600825,
            -0.913368543279702,
            0.0027401138501501705
          ],
          [
            0.91337265345356,
            0.40712271390099986,
            -0.001221371805804834
          ],
          [
            5.393436175376147e-18,
            0.00299999549996325,
            0.9999955000033752
          ]
        ]
      ]
    ],
    [
      [
        "CHI",
        3,
        -1
      ],
      [
        "CHI",
        2
      ],
      [
        [
          0.5594489438483757,
          1.4179236119153034,
          1.9924855079371476e-16
        ],
        [
          [
            0.3670202347624321,
            -0.9302116138661529,
            -0.0015813612669170034
          ],
          [
            0.9302129580235535,
            0.3670197044183206,
            0.0006239340985543402
          ],
          [
            1.0349680625580695e-16,
            -0.00169999918113044,
            0.9999985550003482
          ]
        ]
      ]
    ],
    [
      [
        "CHI",
        4,
        -1
      ],
      [
        "CHI",
        3
      ],
      [
        [
          0.560215339305656,
          1.416545680028233,
          1.6546019918778784e-16
        ],
        [
          [
            0.36776428760300406,
            -0.9296490041294455,
            0.02240887960130086
          ],
          [
            0.9299190441989323,
            0.36765749218420013,
            -0.008862261391423865
          ],
          [
            7.813554167743067e-17,
            0.024097667147579244,
            0.9997096090555723
          ]
        ]
      ]
    ],
    [
      [
        "XI",
        5,
        1
      ],
      [
        "CHI",
        4
      ],
      [
        [
          0.5539664129446993,
          1.3881463803681455,
          -2.384755565202418e-16
        ],
        [
          [
            0.37064526491683325,
            -0.9267339537011918,
            -0.06153264704275618
          ],
          [
            0.928774508475944,
            0.36983094243256703,
            0.02455578189976465
          ],
          [
            -3.0906407583158825e-17,
            -0.06625143829983784,
            0.9978029599691531
          ]
        ]
      ]
    ]
  ],
  "MET": [
    [
      [
        "PHI",
        1,
        -1
      ],
      [
        "BB",
        0
      ],
      [
        [
          -0.5247604290104835,
          1.3642556146649099,
          -9.707202702197754e-17
        ],
        [
          [
            -0.35900692960968994,
            0.21731714911657893,
            0.9076823680077002
          ],
          [
            0.93333489407191,
            0.08359096284882186,
            0.3491396947323288
          ],
          [
            9.166714857343094e-18,
            0.9725151966061248,
            -0.2328394132662049
          ]
        ]
      ]
    ],
    [
      [
        "PSI",
        1,
        -1
      ],
      [
        "BB",
        0
      ],
      [
        [
          1.5253000000000008,
          4.712108189002654e-16,
          2.421127001710621e-16
        ],
        [
          [
            0.9999999999999998,
            -9.932666767618564e-17,
            1.5479336021744247e-16
          ],
          [
            1.8100487907635833e-16,
            0.6807575521610605,
            -0.7325088089406712
          ],
          [
            -3.2619089956882827e-17,
            0.7325088089406712,
            0.6807575521610605
          ]
        ]
      ]
    ],
    [
      [
        "CHI",
        1,
        -1
      ],
      [
        "BB",
        0
      ],
      [
        [
          -0.5232411319839401,
          -0.7795574519078974,
          -1.2103388521298621
        ],
        [
          [
            -0.341585802313579,
            -0.9338979813276398,
            0.10561107957950407
          ],
          [
            -0.5089159498027792,
            0.27826306773755355,
            0.8146006513437251
          ],
          [
            -0.790141566868953,
            0.22450885418051025,
            -0.5703262914336239
          ]
        ]
      ]
    ],
    [
      [
        "CHI",
        2,
        -1
      ],
      [
        "CHI",
        1
      ],
      [
        [
          0.6156046314589617,
          1.3911810190360838,
          -2.6118094057301265e-16
        ],
        [
          [
            0.4046569588240067,
            -0.9063317110332206,
            -0.12171924765993422
          ],
          [
