{
  "ALA": [
    [
      [
        "PHI",
        1,
        -1
      ],
      [
        "BB",
        0
      ],
      [
        [
          -0.5266776053720111,
          1.3639454204621246,
          -2.4171525338041524e-16
        ],
        [
          [
            -0.36021996126941447,
            0.9328419054224795,
            0.006896302691983896
          ],
          [
            0.9328673965269991,
            0.3602101180647779,
            0.0026629571339473164
          ],
          [
            -1.6532060281814884e-16,
            0.0073925862535857674,
            -0.999972674460899
          ]
        ]
      ]
    ],
    [
      [
        "PSI",
        1,
        -1
      ],
      [
        "BB",
        0
      ],
      [
        [
          1.5263000000000002,
          2.220992827050605e-16,
          4.927354510265693e-18
        ],
        [
          [
            1.0000000000000002,
            3.582374371294537e-20,
            -3.228300144313598e-18
          ],
          [
            3.582374371294974e-20,
            0.9997537531702358,
            0.02219083193635558
          ],
          [
            3.228300144313598e-18,
            -0.02219083193635558,
            0.9997537531702358
          ]
        ]
      ]
    ],
    [
      [
        "XI",
        1,
        1
      ],
      [
        "BB",
        0
      ],
      [
        [
          -0.528652347331411,
          -0.7758742568201663,
          -1.2054145524527005
        ],
        [
          [
            -0.3459993110356772,
            -0.9371542824994732,
            -0.045014748202493564
          ],
          [
            -0.5078043437529721,
            0.14670738145783252,
            0.8488885042756787
          ],
          [
            -0.7889355013107534,
            0.31657352229566393,
            -0.5266516683281909
          ]
        ]
      ]
    ]
  ],
  "ARG": [
    [
      [
        "PHI",
        1,
        -1
      ],
      [
        "BB",
        0
      ],
      [
        [
          -0.5254350611269389,
          1.3635672651316206,
          -2.387790271571334e-16
        ],
        [
          [
            -0.3595668658912879,
            0.9330990438797363,
            0.0061516878852887836
          ],
          [
            0.933119321926792,
            0.3595590519776169,
            0.0023704826176861303
          ],
          [
            -1.634017841354503e-16,
            0.006592605833717109,
            -0.9999782685380321
          ]
        ]
      ]
    ],
    [
      [
        "PSI",
        1,
        -1
      ],
      [
        "BB",
        0
      ],
      [
        [
          1.5259000000000016,
          6.107826621612813e-16,
          1.3977552158281533e-17
        ],
        [
          [
            1.0000000000000004,
            1.0485524440978692e-19,
            -9.160201951819872e-18
          ],
          [
            1.0485524440979951e-19,
            0.9997379746494895,
            0.02289065406966918
          ],
          [
            9.160201951819872e-18,
            -0.02289065406966918,
            0.9997379746494895
          ]
        ]
      ]
    ],
    [
      [
        "CHI",
        1,
        -1
      ],
      [
        "BB",
        0
      ],
      [
        [
          -0.5241803191830443,
          -0.7798620131234467,
          -1.2094828619985527
        ],
        [
          [
            -0.34224361398736236,
            0.5128981731449272,
            -0.7872768081618219
          ],
          [
            -0.5091812569361754,
            -0.8054205307206742,
            -0.3033681200761289
          ],
          [
            -0.7896858592312302,
            0.2970407929531302,
            0.5368081696956649
          ]
        ]
      ]
    ],
    [
      [
        "CHI",
        2,
        -1
      ],
      [
        "CHI",
        1
      ],
      [
        [
          0.6166418319950131,
          1.3912685186669869,
          -2.5068679178940196e-16
        ],
        [
          [
            0.4052055670883252,
            0.9142256003857192,
            -2.8626426598784945e-16
          ],
          [
            0.9142256003857192,
            -0.40520556708832517,
            -6.37786189813819e-17
          ],
          [
            -1.743039204667556e-16,
            -2.358666689692578e-16,
            -1.0
          ]
        ]
      ]
    ],
    [
      [
        "CHI",
        3,
        -1
      ],
      [
        "CHI",
        2
      ],
      [
        [
          0.5649842993753815,
          1.4141119409223981,
          -7.04651920330615e-16
        ],
        [
          [
            0.3710167450586951,
            0.9286261760719711,
            -7.887457760706535e-16
          ],
          [
            0.9286261760719711,
            -0.37101674505869503,
            -6.567032124237257e-16
          ],
          [
            -9.024696834837519e-16,
            -4.888020855823703e-16,
            -1.0
          ]
        ]
      ]
    ],
    [
      [
        "CHI",
        4,
        -1
      ],
      [
        "CHI",
        3
      ],
      [
        [
          0.5397232899873778,
          1.3579751324104583,
          -4.030751887221914e-16
        ],
        [
          [
            0.36934461779742533,
            0.9292925014784493,
            -2.8402782288780353e-16
          ],
          [
            0.9292925014784493,
            -0.3693446177974253,
            -3.152174191378515e-16
          ],
          [
            -3.9783333162852553e-16,
            -1.4752106882632422e-16,
            -1.0
          ]
        ]
      ]
    ]
  ],
  "ASN": [
    [
      [
        "PHI",
        1,
        -1
      ],
      [
        "BB",
        0
      ],
      [
        [
          -0.5382913621915183,
          1.3583282443467037,
          -2.3983542333025175e-16
        ],
        [
          [
            -0.36841514077853527,
            0.9296352859816763,
            0.006965565511814562
          ],
          [
            0.9296613813884775,
            0.3684047994401052,
            0.0027603811990171956
          ],
          [
            -1.6414716537557452e-16,
            0.007492583483903804,
            -0.9999719302024119
          ]
        ]
      ]
    ],
    [
      [
        "PSI",
        1,
        -1
      ],
      [
        "BB",
        0
      ],
      [
        [
          1.5261000000000011,
          3.331635680470428e-16,
          8.023689336297833e-18
        ],
        [
          [
            1.0000000000000002,
            6.333835233316938e-20,
            -5.257643231962578e-18
          ],
          [
            6.333835233317766e-20,
            0.999709786059943,
            0.024090322870059137
          ],
          [
            5.257643231962578e-18,
            -0.024090322870059137,
            0.999709786059943
          ]
        ]
      ]
    ],
    [
      [
        "CHI",
        1,
        -1
      ],
      [
        "BB",
        0
      ],
      [
        [
          -0.5316418426147882,
          -0.78991330030243,
          -1.2011951420091889
        ],
        [
          [
            -0.34684358208167315,
            0.5236417575137866,
            -0.7781380593163567
          ],
          [
            -0.5153400967526288,
            -0.7995834833116731,
            -0.3083680234624891
          ],
          [
            -0.7836607137325082,
            0.29405027291781904,
            0.547183993506034
          ]
        ]
      ]
    ],
    [
      [
        "CHI",
        2,
        -1
      ],
      [
        "CHI",
        1
      ],
      [
        [
          0.584816242553722,
          1.3999592145649626,
          -2.0061031312986378e-16
        ],
        [
          [
            0.38545758143535597,
            0.9227255566602708,
            -2.346849501841466e-16
          ],
          [
            0.9227255566602708,
            -0.3854575814353559,
            -3.383732759537945e-17
          ],
          [
            -1.216836602386005e-16,
            -2.0350694684130372e-16,
            -1.0000000000000004
          ]
        ]
      ]
    ]
  ],
  "ASP": [
    [
      [
        "PHI",
        1,
        -1
      ],
      [
        "BB",
        0
      ],
      [
        [
          -0.5263688024181247,
          1.363957434761403,
          -2.4008058645050423e-16
        ],
        [
          [
            -0.36003338058695245,
            0.9329065654978532,
            0.007829745470355226
          ],
          [
            0.9329394218614255,
            0.3600207008916009,
            0.0030215999718424622
          ],
          [
            -1.6421380742169073e-16,
            0.0083925550650792,
            -0.9999647818895823
          ]
        ]
      ]
    ],
    [
      [
        "PSI",
        1,
        -1
      ],
      [
        "BB",
        0
      ],
      [
        [
          1.5272000000000008,
          -6.663160660853464e-16,
          -1.5581216433635502e-17
        ],
        [
          [
            1.0000000000000004,
            -1.1933689775538578e-19,
            1.0202472782632254e-17
          ],
          [
            -1.1933689775540037e-19,
            0.9997264043556874,
            0.023390520174834003
          ],
          [
            -1.0202472782632254e-17,
            -0.023390520174834003,
            0.9997264043556874
          ]
        ]
      ]
    ],
    [
      [
        "CHI",
        1,
        -1
      ],
      [
        "BB",
        0
      ],
      [
        [
          -0.5261406258680782,
          -0.7808347327652533,
          -1.2093975574303777
        ],
        [
          [
            -0.34327697910098426,
            0.5135720469878785,
            -0.7863870981723844
          ],
          [
            -0.5094504683012027,
            -0.8052092674198545,
            -0.3034769447731855
          ],
          [
            -0.7890634549686029,
            0.29644862660140964,
            0.5380493247083862
          ]
        ]
      ]
    ],
    [
      [
        "CHI",
        2,
        -1
      ],
      [
        "CHI",
        1
      ],
      [
        [
          0.5939648336222537,
          1.3986014537458793,
          -2.3468909555125274e-16
        ],
        [
          [
            0.39089492176522134,
            0.9204353101322011,
            -2.3593404623348883e-16
          ],
          [
            0.9204353101322011,
            -0.3908949217652214,
            -3.3666472494722305e-17
          ],
          [
            -1.232132305959287e-16,
            -2.0400197388373096e-16,
            -1.0
          ]
        ]
      ]
    ]
  ],
  "CYS": [
    [
      [
        "PHI",
        1,
        -1
      ],
      [
        "BB",
        0
      ],
      [
        [
          -0.523066769777286,
          1.3635135915548302,
          -2.4184912849717894e-16
        ],
        [
          [
            -0.35816678292062865,
            0.9335455751734346,
            0.014464255472998976
          ],
          [
            0.9336576222643325,
            0.3581237997701402,
            0.005548731919032375
          ],
          [
            -1.6560471685646335e-16,
            0.015492033833472918,
            -0.9998799912428001
          ]
        ]
      ]
    ],
    [
      [
        "PSI",
        1,
        -1
      ],
      [
        "BB",
        0
      ],
      [
        [
          1.5247000000000006,
          3.887013614755969e-16,
          9.788276959418953e-18
        ],
        [
          [
            1.0000000000000002,
            8.087024122254336e-20,
            -6.419805180966237e-18
          ],
          [
            8.087024122255227e-20,
            0.9996826818857703,
            0.025189988838308346
          ],
          [
            6.419805180966237e-18,
            -0.025189988838308346,
            0.9996826818857703
          ]
        ]
      ]
    ],
    [
      [
        "CHI",
        1,
        -1
      ],
      [
        "BB",
        0
      ],
      [
        [
          -0.520139051802002,
          -0.774941472379781,
          -1.2127403560434422
        ],
        [
          [
            -0.3398935187884743,
            0.5099487347123184,
            -0.7902054693881172
          ],
          [
            -0.5063984005618377,
            -0.8072602749385837,
            -0.3031361219229657
          ],
          [
            -0.7924853662964394,
            0.29712478266106995,
            0.5326197590538773
          ]
        ]
      ]
    ],
    [
      [
        "XI",
        2,
        1
      ],
      [
        "CHI",
        1
      ],
      [
        [
          0.7305468127878236,
          1.6536148869448273,
          -1.0360898426280672e-16
        ],
        [
          [
            0.404108204883186,
            0.9134239650525201,
            0.04850998674316844
          ],
          [
            0.9147111887071733,
            -0.4035395252313057,
            -0.02143111826301801
          ],
          [
            -2.67283540532494e-16,
            0.053033118367920275,
            -0.9985927540074456
          ]
        ]
      ]
    ]
  ],
  "GLN": [
    [
      [
        "PHI",
        1,
        -1
      ],
      [
        "BB",
        0
      ],
      [
        [
          -0.5281249997309252,
          1.3624204287440829,
          -2.4132625068878873e-16
        ],
        [
          [
            -0.3614323841574904,
            0.9323654851293377,
            0.00782520426365995
          ],
          [
            0.9323983224364109,
            0.3614196551918765,
            0.0030333411863540734
          ],
          [
            -1.6515620769831946e-16,
            0.008392555065105847,
            -0.9999647818895824
          ]
        ]
      ]
    ],
    [
      [
        "PSI",
        1,
        -1
      ],
      [
        "BB",
        0
      ],
      [
        [
          1.5260000000000002,
          6.6630835872139785e-16,
          1.5248238718121935e-17
        ],
        [
          [
            1.0000000000000002,
            1.143800434491766e-19,
            -9.9922927379571e-18
          ],
          [
            1.1438004344919456e-19,
            0.9997379746494897,
            0.02289065406966433
          ],
          [
            9.9922927379571e-18,
            -0.02289065406966433,
            0.9997379746494897
          ]
        ]
      ]
    ],
    [
      [
        "CHI",
        1,
        -1
      ],
      [
        "BB",
        0
      ],
      [
        [
          -0.5244338872639115,
          -0.781446549149076,
          -1.2082229259173436
        ],
        [
          [
            -0.34243152939204136,
            0.5149174182294075,
            -0.7858757535909788
          ],
          [
            -0.5102491342795139,
            -0.8042658010129476,
            -0.30463476867883693
          ],
          [
            -0.7889147410495221,
            0.2966758731763727,
            0.5381421351555764
          ]
        ]
      ]
    ],
    [
      [
        "CHI",
        2,
        -1
      ],
      [
        "CHI",
        1
      ],
      [
        [
          0.616018408551506,
          1.3936222624246757,
          -4.535443730583278e-16
        ],
        [
          [
            0.40429113903754405,
            0.9146303487725113,
            -4.331455947645842e-16
          ],
          [
            0.9146303487725111,
            -0.40429113903754405,
            -1.5964783606989816e-16
          ],
          [
            -3.211356818618558e-16,
            -3.3162390091923007e-16,
            -1.0
          ]
        ]
      ]
    ],
    [
      [
        "CHI",
        3,
        -1
      ],
      [
        "CHI",
        2
      ],
      [
        [
          0.5882197385686275,
          1.3998343113233997,
          -6.194299053813997e-16
        ],
        [
          [
            0.38739445374646164,
            0.9219140617251051,
            -3.0774741655731254e-16
          ],
          [
            0.921914061725105,
            -0.38739445374646164,
            -3.269607192477622e-16
          ],
          [
            -4.206493270353709e-16,
            -1.570539015542228e-16,
            -1.0000000000000002
          ]
        ]
      ]
    ]
  ],
  "GLU": [
    [
      [
        "PHI",
        1,
        -1
      ],
      [
        "BB",
        0
      ],
      [
        [
          -0.529759523603087,
          1.361785697953915,
          -2.4171785495149083e-16
        ],
        [
          [
            -0.3625510016445981,
            0.9319106558184598,
            0.009964977596930333
          ],
          [
            0.9319639323528026,
            0.36253027609909183,
            0.0038765583985767888
          ],
          [
            -1.654242095205933e-16,
            0.010692449837380566,
            -0.9999428341242689
          ]
        ]
      ]
    ],
    [
      [
        "PSI",
        1,
        -1
      ],
      [
        "BB",
        0
      ],
      [
        [
          1.5263000000000013,
          1.1105013630787725e-16,
          2.485876198425848e-18
        ],
        [
          [
            1.0000000000000002,
            1.8236156300557443e-20,
            -1.6286943578758496e-18
          ],
          [
            1.823615630055929e-20,
            0.9997492950088032,
            0.022390782241840226
          ],
          [
            1.6286943578758496e-18,
            -0.022390782241840226,
            0.9997492950088032
          ]
        ]
      ]
    ],
    [
      [
        "CHI",
        1,
        -1
      ],
      [
        "BB",
        0
      ],
      [
        [
          -0.5257907569766965,
          -0.782853215305636,
          -1.2074830570916932
        ],
        [
          [
            -0.3431830539629898,
            0.5162758967755171,
            -0.7846557142347663
          ],
          [
            -0.5109674403143631,
            -0.803577944552438,
            -0.30524541268865396
          ],
          [
            -0.7881228751985464,
            0.29617846889589133,
            0.539574506580196
          ]
        ]
      ]
    ],
    [
      [
        "CHI",
        2,
        -1
      ],
      [
        "CHI",
        1
      ],
      [
        [
          0.6165710830843706,
          1.3926123292230912,
          -4.039534490894422e-16
        ],
        [
          [
            0.404839844441478,
            0.9143876094701852,
            -2.3585395404207847e-16
          ],
          [
            0.914387609470185,
            -0.404839844441478,
            -3.1048856930005684e-17
          ],
          [
            -1.2387376813031228e-16,
            -2.0309211881099786e-16,
            -1.0
          ]
        ]
      ]
    ],
    [
      [
        "CHI",
        3,
        -1
      ],
      [
        "CHI",
        2
      ],
      [
        [
          0.6009817808804819,
          1.3979956327005196,
          -2.4182814891598e-16
        ],
        [
          [
            0.39494104020535037,
            0.918706468226667,
            -3.7155560478767687e-16
          ],
          [
            0.918706468226667,
            -0.3949410402053503,
            -3.6717074818989305e-16
          ],
          [
            -4.840646983546528e-16,
            -1.9633974020121685e-16,
            -1.0
          ]
        ]
      ]
    ]
  ],
  "GLY": [
    [
      [
        "PHI",
        1,
        -1
      ],
      [
        "BB",
        0
      ],
      [
        [
          -0.5742792261070079,
          1.3388314346705241,
          -2.3890825667290137e-16
        ],
        [
          [
            -0.3942059487280394,
            0.9189815883789653,
            0.008631929558376505
          ],
          [
            0.9190221270390755,
            0.39418856004881314,
            0.003702585477322868
          ],
          [
            -1.639952338501556e-16,
            0.009392515484025364,
            -0.9999558893535666
          ]
        ]
      ]
    ],
    [
      [
        "PSI",
        1,
        -1
      ],
      [
        "BB",
        0
      ],
      [
        [
          1.5174000000000012,
          -8.328489927279878e-17,
          -1.7395363209937208e-18
        ],
        [
          [
            1.0000000000000002,
            -1.1976028675366989e-20,
            1.146392725051901e-18
          ],
          [
            -1.1976028675367949e-20,
            0.999781756451825,
            0.020891133672066447
          ],
          [
            -1.146392725051901e-18,
            -0.020891133672066447,
            0.999781756451825
          ]
        ]
      ]
    ]
  ],
  "HSD": [
    [
      [
        "PHI",
        1,
        -1
      ],
      [
        "BB",
        0
      ],
      [
        [
          -0.5276801345779669,
          1.3624855542616876,
          -2.403584420616033e-16
        ],
        [
          [
            -0.3611526484004972,
            0.9324619986876795,
            0.00913156923452897
          ],
          [
            0.9325067101921074,
            0.36113533198007725,
            0.003536586254079682
          ],
          [
            -1.6450512768571423e-16,
            0.009792497077739739,
            -0.9999520523510029
          ]
        ]
      ]
    ],
    [
      [
        "PSI",
        1,
        -1
      ],
      [
        "BB",
        0
      ],
      [
        [
          1.5253000000000014,
          -5.552766502291144e-17,
          -1.3539300079584985e-18
        ],
        [
          [
            1.0000000000000004,
            -1.0826586018204244e-20,
            8.876483366934241e-19
          ],
          [
            -1.0826586018203672e-20,
            0.9997025139762505,
            0.024390234717310173
          ],
          [
            -8.876483366934241e-19,
            -0.024390234717310173,
            0.9997025139762505
          ]
        ]
      ]
    ],
    [
      [
        "CHI",
        1,
        -1
      ],
      [
        "BB",
        0
      ],
      [
        [
          -0.5262502425755947,
          -0.779666584197949,
          -1.2099766360034534
        ],
        [
          [
            -0.34337090080620813,
            0.5140480103716197,
            -0.786035029443671
          ],
          [
            -0.5087215086767248,
            -0.8053121536929376,
            -0.3044252974444142
          ],
          [
            -0.7894927808974638,
            0.2953421374396516,
            0.5380280390122506
          ]
        ]
      ]
    ],
    [
      [
        "CHI",
        2,
        -1
      ],
      [
        "CHI",
        1
      ],
      [
        [
          0.6007355364716388,
          1.3705217164350714,
          -7.06917399681233e-16
        ],
        [
          [
            0.40145384688027175,
            -3.8315940574900283e-16,
            0.9158792545008495
          ],
          [
            0.9158792545008494,
            6.991134397649927e-16,
            -0.4014538468802718
          ],
          [
            -5.01090392337903e-16,
            1.0000000000000002,
            6.16342177014712e-16
          ]
        ]
      ]
    ]
  ],
  "HSE": [
    [
      [
        "PHI",
        1,
        -1
      ],
      [
        "BB",
        0
      ],
      [
        [
          -0.5276801345779669,
          1.3624855542616876,
          -2.403584420616033e-16
        ],
        [
          [
            -0.3611526484004972,
            0.9324619986876795,
            0.00913156923452897
          ],
          [
            0.9325067101921074,
            0.36113533198007725,
            0.003536586254079682
          ],
          [
            -1.6450512768571423e-16,
            0.009792497077739739,
            -0.9999520523510029
          ]
        ]
      ]
    ],
    [
      [
        "PSI",
        1,
        -1
      ],
      [
        "BB",
        0
      ],
      [
        [
          1.5253000000000014,
          -5.552766502291144e-17,
          -1.3539300079584985e-18
        ],
        [
          [
            1.0000000000000004,
            -1.0826586018204244e-20,
            8.876483366934241e-19
          ],
          [
            -1.0826586018203672e-20,
            0.9997025139762505,
            0.024390234717310173
          ],
          [
            -8.876483366934241e-19,
            -0.024390234717310173,
            0.9997025139762505
          ]
        ]
      ]
    ],
    [
      [
        "CHI",
        1,
        -1
      ],
      [
        "BB",
        0
      ],
      [
        [
          -0.5262502425755947,
          -0.779666584197949,
          -1.2099766360034534
        ],
        [
          [
            -0.34337090080620813,
            0.5140480103716197,
            -0.786035029443671
          ],
          [
            -0.5087215086767248,
            -0.8053121536929376,
            -0.3044252974444142
          ],
          [
            -0.7894927808974638,
            0.2953421374396516,
            0.5380280390122506
          ]
        ]
      ]
    ],
    [
      [
        "CHI",
        2,
        -1
      ],
      [
        "CHI",
        1
      ],
      [
        [
          0.6007355364716388,
          1.3705217164350714,
          -7.06917399681233e-16
        ],
        [
          [
            0.40145384688027175,
            -3.8315940574900283e-16,
            0.9158792545008495
          ],
          [
            0.9158792545008494,
            6.991134397649927e-16,
            -0.4014538468802718
          ],
          [
            -5.01090392337903e-16,
            1.0000000000000002,
            6.16342177014712e-16
          ]
        ]
      ]
    ]
  ],
  "ILE": [
    [
      [
        "PHI",
        1,
        -1
      ],
      [
        "BB",
        0
      ],
      [
        [
          -0.494935252450074,
          1.3746127075951915,
          -2.4092487237377416e-16
        ],
        [
          [
            -0.3387647176249648,
            0.9408474553654187,
            0.0066732169824911996
          ],
          [
            0.9408711208728213,
            0.33875619675663876,
            0.0024027206453381632
          ],
          [
            -1.649040878670597e-16,
            0.007092594123093692,
            -0.9999748472379724
          ]
        ]
      ]
    ],
    [
      [
        "PSI",
        1,
        -1
      ],
      [
        "BB",
        0
      ],
      [
        [
          1.5271000000000006,
          -2.77643131850126e-16,
          -6.963879596404179e-18
        ],
        [
          [
            1.0000000000000002,
            -5.721674666806138e-20,
            4.560198805844779e-18
          ],
          [
            -5.721674666806656e-20,
            0.9996851958862365,
            0.02509002044434007
          ],
          [
            -4.560198805844779e-18,
            -0.02509002044434007,
            0.9996851958862365
          ]
        ]
      ]
    ],
    [
      [
        "CHI",
        1,
        -1
      ],
      [
        "BB",
        0
      ],
      [
        [
          -0.5369485494206387,
          -0.7958558871882331,
          -1.2144600743140577
        ],
        [
          [
            -0.34684358208167343,
            0.500542982906286,
            -0.7931937038529943
          ],
          [
            -0.5140855805104533,
            -0.8087971033452152,
            -0.2855928247201257
          ],
          [
            -0.7844842544500078,
            0.3087134073597511,
            0.5378480144393476
          ]
        ]
      ]
    ],
    [
      [
        "CHI",
        2,
        -1
      ],
      [
        "CHI",
        1
      ],
      [
        [
          0.5345380442319205,
          1.437961017993434,
          -4.891889172427135e-16
        ],
        [
          [
            0.34843754920273823,
            0.9373319979098065,
            -2.948330682990324e-16
          ],
          [
            0.9373319979098065,
            -0.34843754920273823,
            -8.248101380464087e-17
          ],
          [
            -1.8004300520116872e-16,
            -2.476169866527642e-16,
            -1.0
          ]
        ]
      ]
    ],
    [
      [
        "XI",
        2,
        2
      ],
      [
        "CHI",
        1
      ],
      [
        [
          0.5407918435846962,
          -0.7855671692984905,
          -1.2008541353689144
        ],
        [
          [
            0.3526520010333852,
            0.9249876460600311,
            -0.14154299983917293
          ],
          [
            -0.5122707331584547,
            0.06425324339330545,
            -0.8564170810199551
          ],
          [
            -0.7830806229989662,
            0.3745255336419179,
            0.49650313446521965
          ]
        ]
      ]
    ],
    [
      [
        "XI",
        3,
        1
      ],
      [
        "CHI",
        2
      ],
      [
        [
          0.6202542457701846,
          1.3915232375364999,
          -3.397039290977068e-16
        ],
        [
          [
            0.4071245459600815,
            0.9119306371241307,
            -0.05130416309789531
          ],
          [
            0.9133726534535608,
            -0.4064817850440781,
            0.022868195175447352
          ],
          [
            -3.3126006751541604e-16,
            -0.0561700231596694,
            -0.9984212179727768
          ]
        ]
      ]
    ]
  ],
  "LEU": [
    [
      [
        "PHI",
        1,
        -1
      ],
      [
        "BB",
        0
      ],
      [
        [
          -0.5221902434844108,
          1.3644919749158257,
          -2.405105683211268e-16
        ],
        [
          [
            -0.3574197422891243,
            0.9339210233609709,
            0.006530692641146437
          ],
          [
            0.9339438568896827,
            0.3574110039116645,
            0.0024992920758015024
          ],
          [
            -1.646205121978966e-16,
            0.006992596603071596,
            -0.9999755514975088
          ]
        ]
      ]
    ],
    [
      [
        "PSI",
        1,
        -1
      ],
      [
        "BB",
        0
      ],
      [
        [
          1.5255000000000012,
          -1.6657633059821502e-16,
          -3.7787616399709136e-18
        ],
        [
          [
            1.0000000000000004,
            -2.8106787572221195e-20,
            2.4770643329870993e-18
          ],
          [
            -2.8106787572224e-20,
            0.9997425327855134,
            0.02269070601826535
          ],
          [
            -2.4770643329870993e-18,
            -0.02269070601826535,
            0.9997425327855134
          ]
        ]
      ]
    ],
    [
      [
        "CHI",
        1,
        -1
      ],
      [
        "BB",
        0
      ],
      [
        [
          -0.5223696108032017,
          -0.7760801412948705,
          -1.2134522833622456
        ],
        [
          [
            -0.3409278232627605,
            0.5096164191058373,
            -0.7899742557217038
          ],
          [
            -0.5065136022026303,
            -0.807493020143733,
            -0.30232266405757396
          ],
          [
            -0.7919672910600739,
            0.29706249813279456,
            0.5334244858403782
          ]
        ]
      ]
    ],
    [
      [
        "CHI",
        2,
        -1
      ],
      [
        "CHI",
        1
      ],
      [
        [
          0.6800487933590971,
          1.3722339044969105,
          -2.654892424573694e-16
        ],
        [
          [
            0.44404100121390594,
            0.8960064671870129,
            -2.1167655303525953e-16
          ],
          [
            0.8960064671870129,
            -0.444041001213906,
            -2.5380690656343173e-16
          ],
          [
            -3.2140569824084986e-16,
            -7.696288756601686e-17,
            -1.0
          ]
        ]
      ]
    ],
    [
      [
        "XI",
        3,
        1
      ],
      [
        "CHI",
        2
      ],
      [
        [
          0.5301419732210249,
          1.430952650589573,
          -2.229768622653559e-16
        ],
        [
          [
            0.3474062734082727,
            0.936696731692959,
            0.04368196461134594
          ],
          [
            0.9377147120508337,
            -0.347029130170583,
            -0.0161833746935576
          ],
          [
            -3.7176850193739046e-16,
            0.04658342676080154,
            -0.9989144029150958
          ]
        ]
      ]
    ],
    [
      [
        "XI",
        3,
        2
      ],
      [
        "CHI",
        2
      ],
      [
        [
          0.5363932199584341,
          -0.7757848726872119,
          1.200521984343606
        ],
        [
          [
            0.35134159950116906,
            0.936093108923183,
            0.016993289454661647
          ],
          [
            -0.5081449352768793,
            0.17541351686323092,
            0.8432193207310473
          ],
          [
            0.7863509427809036,
            -0.3048930788460158,
            0.5373010378357564
          ]
        ]
      ]
    ]
  ],
  "LYS": [
    [
      [
        "PHI",
        1,
        -1
      ],
      [
        "BB",
        0
      ],
      [
        [
          -0.5271070317741818,
          1.3630290301582764,
          -2.3854544143154276e-16
        ],
        [
          [
            -0.3606863499207483,
            0.9326581196979761,
            0.00736130031201173
          ],
          [
            0.9326871699454474,
            0.360675115684809,
            0.0028467428584496453
          ],
          [
            -1.6323076599941348e-16,
            0.007892571645905918,
            -0.9999688531713447
          ]
        ]
      ]
    ],
    [
      [
        "PSI",
        1,
        -1
      ],
      [
        "BB",
        0
      ],
      [
        [
          1.5262000000000002,
          -6.107716754687898e-16,
          -1.3489177605617428e-17
        ],
        [
          [
            1.0000000000000002,
            -9.763590941776444e-20,
            8.838407551839783e-18
          ],
          [
            -9.763590941777732e-20,
            0.999755967254657,
            0.022090856450252758
          ],
          [
            -8.838407551839783e-18,
            -0.022090856450252758,
            0.999755967254657
          ]
        ]
      ]
    ],
    [
      [
        "CHI",
        1,
        -1
      ],
      [
        "BB",
        0
      ],
      [
        [
          -0.5247147858120402,
          -0.7801714006291814,
          -1.2094315148823145
        ],
        [
          [
            -0.3425254819583788,
            0.5138514792833071,
            -0.7865322316647538
          ],
          [
            -0.5092835045558984,
            -0.8050549937552453,
            -0.3041656933597291
          ],
          [
            -0.789497692331297,
            0.29638339067515185,
            0.53744793192965
          ]
        ]
      ]
    ],
    [
      [
        "CHI",
        2,
        -1
      ],
      [
        "CHI",
        1
      ],
      [
        [
          0.6200099710426076,
          1.390975213944427,
          -5.159939383325247e-16
        ],
        [
          [
            0.40712454596008124,
            0.9133726534535606,
            -3.8215145572029843e-16
          ],
          [
            0.9133726534535606,
            -0.40712454596008124,
            -3.7052139254512674e-16
          ],
          [
            -4.940073453683612e-16,
            -1.9819833542395808e-16,
            -1.0000000000000002
          ]
        ]
      ]
    ],
    [
      [
        "CHI",
        3,
        -1
      ],
      [
        "CHI",
        2
      ],
      [
        [
          0.5594489438483748,
          1.4179236119153034,
          -4.0729022245851313e-16
        ],
        [
          [
            0.3670202347624316,
            0.9302129580235537,
            -4.93283861896855e-16
          ],
          [
            0.9302129580235537,
            -0.3670202347624316,
            -2.1319899839219106e-16
          ],
          [
            -3.7936562973996146e-16,
            -3.8061069387933844e-16,
            -1.0
          ]
        ]
      ]
    ],
    [
      [
        "CHI",
        4,
        -1
      ],
      [
        "CHI",
        3
      ],
      [
        [
          0.560215339305655,
          1.4165456800282337,
          -6.630994796871616e-16
        ],
        [
          [
            0.36776428760300317,
            0.9299190441989322,
            -6.09817363579581e-16
          ],
          [
            0.9299190441989322,
            -0.36776428760300317,
            -5.370688518584566e-16
          ],
          [
            -7.236996016740198e-16,
            -3.6956603617834853e-16,
            -1.0000000000000002
          ]
        ]
      ]
    ],
    [
      [
        "XI",
        5,
        1
      ],
      [
        "CHI",
        4
      ],
      [
        [
          0.5539664129446977,
          1.3881463803681457,
          -5.356913633436294e-16
        ],
        [
          [
            0.37064526491683225,
            0.9287736031292286,
            0.0012968134332018457
          ],
          [
            0.9287745084759436,
            -0.37064490362087726,
            -0.0005175182502434104
          ],
          [
            -3.490693071389848e-16,
            0.00139626294796781,
            -0.9999990252244146
          ]
        ]
      ]
    ]
  ],
  "MET": [
    [
      [
        "PHI",
        1,
        -1
      ],
      [
        "BB",
        0
      ],
      [
        [
          -0.5247604290104831,
          1.3642556146649099,
          -2.4130995801984097e-16
        ],
        [
          [
            -0.3590069296096898,
            0.9333158232956694,
            0.005966446023393622
          ],
          [
            0.9333348940719098,
            0.3589995940425028,
            0.002294991306063062
          ],
          [
            -1.6508856675093459e-16,
            0.006392610049500485,
            -0.999979567059625
          ]
        ]
      ]
    ],
    [
      [
        "PSI",
        1,
        -1
      ],
      [
        "BB",
        0
      ],
      [
        [
          1.5252999999999999,
          -3.886861974611253e-16,
          -9.166737086392214e-18
        ],
        [
          [
            1.0000000000000002,
            -7.089676937022076e-20,
            6.009792884281317e-18
          ],
          [
            -7.089676937022834e-20,
            0.9997217062571553,
            0.023590464986564932
          ],
          [
            -6.009792884281317e-18,
            -0.023590464986564932,
            0.9997217062571553
          ]
        ]
      ]
    ],
    [
      [
        "CHI",
        1,
        -1
      ],
      [
        "BB",
        0
      ],
      [
        [
          -0.5232411319839407,
          -0.7796784818951209,
          -1.210260890333107
        ],
        [
          [
            -0.3415858023135794,
            0.5122601395967511,
            -0.7879775942487868
          ],
          [
            -0.5089949614147545,
            -0.8056409686238191,
            -0.3030952967785336
          ],
          [
            -0.7900906713233494,
            0.29754357505278434,
            0.5359333466324214
          ]
        ]
      ]
    ],
    [
      [
        "CHI",
        2,
        -1
      ],
      [
        "CHI",
        1
      ],
