{
  "ALA": [
    [
      [
        "PHI",
        1,
        -1
      ],
      [
        "BB",
        0
      ],
      [
        [
          -0.6037290679907412,
          1.3284487778666,
          -2.4563109398263815e-16
        ],
        [
          [
            -0.4137397450537916,
            0.9103952017463754,
            -5.684144091008347e-17
          ],
          [
            0.9103952017463754,
            0.4137397450537916,
            -2.107329456662313e-16
          ],
          [
            -1.6833269931378856e-16,
            -1.3893677027927117e-16,
            -1.0
          ]
        ]
      ]
    ],
    [
      [
        "PSI",
        1,
        -1
      ],
      [
        "BB",
        0
      ],
      [
        [
          1.5389999332223616,
          -5.589304881703505e-07,
          3.5523100795424277e-22
        ],
        [
          [
            1.0,
            0.0,
            0.0
          ],
          [
            0.0,
            1.0,
            0.0
          ],
          [
            0.0,
            0.0,
            1.0
          ]
        ]
      ]
    ],
    [
      [
        "XI",
        1,
        1
      ],
      [
        "BB",
        0
      ],
      [
        [
          -0.5563396183587298,
          -0.790511804220529,
          -1.2066495418548586
        ],
        [
          [
            -0.35983414359910815,
            -0.9319418322573879,
            -0.044763940722856034
          ],
          [
            -0.5112940608261332,
            0.15683023014273592,
            0.8449749477217054
          ],
          [
            -0.7804471618656954,
            0.32693837370691037,
            -0.5329291954224893
          ]
        ]
      ]
    ]
  ],
  "ARG": [
    [
      [
        "PHI",
        1,
        -1
      ],
      [
        "BB",
        0
      ],
      [
        [
          -0.49409326460232406,
          1.3679002032609056,
          -2.4181014699715837e-16
        ],
        [
          [
            -0.33972312166288016,
            0.9405254917372672,
            -5.1079955134602983e-17
          ],
          [
            0.9405254917372672,
            0.33972312166288016,
            -1.9522506696668659e-16
          ],
          [
            -1.6626111029555668e-16,
            -1.1436446909765752e-16,
            -1.0
          ]
        ]
      ]
    ],
    [
      [
        "PSI",
        1,
        -1
      ],
      [
        "BB",
        0
      ],
      [
        [
          1.5226999611939496,
          6.510766858980332e-08,
          -3.3765712857166505e-23
        ],
        [
          [
            1.0,
            0.0,
            0.0
          ],
          [
            0.0,
            1.0,
            0.0
          ],
          [
            0.0,
            0.0,
            1.0
          ]
        ]
      ]
    ],
    [
      [
        "CHI",
        1,
        -1
      ],
      [
        "BB",
        0
      ],
      [
        [
          -0.5891254944174465,
          -0.7973321102289564,
          -1.1982654600824012
        ],
        [
          [
            -0.37881008553915846,
            0.5063267590177029,
            -0.7746845372126934
          ],
          [
            -0.5126877944867272,
            -0.8116968496615885,
            -0.27982038816674604
          ],
          [
            -0.7704895485846328,
            0.29117252162950114,
            0.5670665024225704
          ]
        ]
      ]
    ],
    [
      [
        "CHI",
        2,
        -1
      ],
      [
        "CHI",
        1
      ],
      [
        [
          0.6771654413984891,
          1.391475347058655,
          1.3555173637720608e-16
        ],
        [
          [
            0.43758667104671944,
            0.8991762370760528,
            2.1147057226337767e-08
          ],
          [
            0.8991762370760531,
            -0.437586671046719,
            -2.0093028823525492e-08
          ],
          [
            -8.813503674890715e-09,
            2.7807372936142648e-08,
            -0.9999999999999998
          ]
        ]
      ]
    ],
    [
      [
        "CHI",
        3,
        -1
      ],
      [
        "CHI",
        2
      ],
      [
        [
          0.6259689945945744,
          1.4052890524223525,
          -3.922693355587104e-16
        ],
        [
          [
            0.40689611437629253,
            0.913474439765818,
            -2.0030424486028892e-08
          ],
          [
            0.9134744397658181,
            -0.4068961143762928,
            -1.300542408666987e-08
          ],
          [
            -2.003042437416054e-08,
            -1.3005424258964952e-08,
            -1.0
          ]
        ]
      ]
    ],
    [
      [
        "CHI",
        4,
        -1
      ],
      [
        "CHI",
        3
      ],
      [
        [
          0.4418093063070746,
          1.4370163867283787,
          -1.7991867860786976e-16
        ],
        [
          [
            0.29387344246545966,
            0.9558443386940643,
            8.696940020114035e-08
          ],
          [
            0.9558443386940679,
            -0.2938734424654611,
            2.8092700407960285e-09
          ],
          [
            2.824322189062319e-08,
            8.230363896417488e-08,
            -0.9999999999999964
          ]
        ]
      ]
    ]
  ],
  "ASN": [
    [
      [
        "PHI",
        1,
        -1
      ],
      [
        "BB",
        0
      ],
      [
        [
          -0.3811695597560688,
          1.4000394831122565,
          -2.439127928077741e-16
        ],
        [
          [
            -0.2626943550998573,
            0.9648790990578408,
            -4.9936199307706194e-17
          ],
          [
            0.9648790990578408,
            0.2626943550998573,
            -1.878139545959509e-16
          ],
          [
            -1.6809980162775538e-16,
            -9.752006067972954e-17,
            -1.0000000000000002
          ]
        ]
      ]
    ],
    [
      [
        "PSI",
        1,
        -1
      ],
      [
        "BB",
        0
      ],
      [
        [
          1.5245000775341753,
          -2.203104365605668e-08,
          -2.359935074299627e-24
        ],
        [
          [
            1.0,
            0.0,
            0.0
          ],
          [
            0.0,
            1.0,
            0.0
          ],
          [
            0.0,
            0.0,
            1.0
          ]
        ]
      ]
    ],
    [
      [
        "CHI",
        1,
        -1
      ],
      [
        "BB",
        0
      ],
      [
        [
          -0.611599736070539,
          -0.7445174458386921,
          -1.2303134473824902
        ],
        [
          [
            -0.3913736996057895,
            0.4307348590837913,
            -0.8131999191016586
          ],
          [
            -0.47643012425554493,
            -0.850880077376698,
            -0.22139880448021998
          ],
          [
            -0.787299792937051,
            0.30078326930447974,
            0.5382271462382641
          ]
        ]
      ]
    ],
    [
      [
        "CHI",
        2,
        -1
      ],
      [
        "CHI",
        1
      ],
      [
        [
          0.6303988906511432,
          1.3961786306898738,
          -1.933204471342171e-17
        ],
        [
          [
            0.4115143701368395,
            0.9114032714286692,
            2.2174435704314484e-08
          ],
          [
            0.9114032714286687,
            -0.4115143701368379,
            -5.557479077955433e-08
          ],
          [
            -4.1525947183448864e-08,
            4.307967826613181e-08,
            -0.9999999999999986
          ]
        ]
      ]
    ]
  ],
  "ASP": [
    [
      [
        "PHI",
        1,
        -1
      ],
      [
        "BB",
        0
      ],
      [
        [
          -0.39039552071173517,
          1.3954183515158212,
          -2.4547572930440846e-16
        ],
        [
          [
            -0.26942413358973405,
            0.9630216177425207,
            -5.147429586022929e-17
          ],
          [
            0.9630216177425207,
            0.26942413358973405,
            -1.9031644778897087e-16
          ],
          [
            -1.694104358684608e-16,
            -1.0084670372489438e-16,
            -1.0000000000000002
          ]
        ]
      ]
    ],
    [
      [
        "PSI",
        1,
        -1
      ],
      [
        "BB",
        0
      ],
      [
        [
          NaN,
          NaN,
          NaN
        ],
        [
          [
            NaN,
            NaN,
            NaN
          ],
          [
            NaN,
            NaN,
            NaN
          ],
          [
            NaN,
            NaN,
            NaN
          ]
        ]
      ]
    ],
    [
      [
        "CHI",
        1,
        -1
      ],
      [
        "BB",
        0
      ],
      [
        [
          -0.6377714730138683,
          -0.7624869092554146,
          -1.2047377824783323
        ],
        [
          [
            -0.40833052173630596,
            0.44642000991154196,
            -0.7962256965013972
          ],
          [
            -0.48817904009351265,
            -0.8438361111373901,
            -0.22275960664784483
          ],
          [
            -0.7713283411310209,
            0.2977411498115519,
            0.5624969314378188
          ]
        ]
      ]
    ],
    [
      [
        "CHI",
        2,
        -1
      ],
      [
        "CHI",
        1
      ],
      [
        [
          0.5848207054465956,
          1.4049415065896804,
          -7.01925681652247e-17
        ],
        [
          [
            0.3842953190336808,
            0.9232102186223871,
            -7.603326272472123e-08
          ],
          [
            0.9232102186223902,
            -0.38429531903367997,
            2.5273428794771155e-08
          ],
          [
            -5.88653923301034e-09,
            -7.99071454844251e-08,
            -0.9999999999999968
          ]
        ]
      ]
    ]
  ],
  "CYS": [
    [
      [
        "PHI",
        1,
        -1
      ],
      [
        "BB",
        0
      ],
      [
        [
          -0.39790096797281993,
          1.3977680647357562,
          -2.4417883607298165e-16
        ],
        [
          [
            -0.27379136059144843,
            0.9617891093506329,
            -5.0231624152905834e-17
          ],
          [
            0.9617891093506329,
            0.27379136059144843,
            -1.889913316886445e-16
          ],
          [
            -1.680168198582689e-16,
            -1.000564228982828e-16,
            -1.0000000000000002
          ]
        ]
      ]
    ],
    [
      [
        "PSI",
        1,
        -1
      ],
      [
        "BB",
        0
      ],
      [
        [
          1.5202001313742888,
          -1.4875273235404052e-07,
          6.404204123790181e-23
        ],
        [
          [
            1.0,
            0.0,
            0.0
          ],
          [
            0.0,
            1.0,
            0.0
          ],
          [
            0.0,
            0.0,
            1.0
          ]
        ]
      ]
    ],
    [
      [
        "CHI",
        1,
        -1
      ],
      [
        "BB",
        0
      ],
      [
        [
          -0.5832824779797836,
          -0.7613035576667019,
          -1.2283358846593158
        ],
        [
          [
            -0.3742829002423447,
            0.4422158879246323,
            -0.8150812346344433
          ],
          [
            -0.48851612830057317,
            -0.841139056650621,
            -0.2320281874409261
          ],
          [
            -0.7882032117267712,
            0.31133614606070503,
            0.530853559072246
          ]
        ]
      ]
    ],
    [
      [
        "XI",
        2,
        1
      ],
      [
        "CHI",
        1
      ],
      [
        [
          0.7429205607680412,
          1.6788678218273654,
          5.362741282229082e-17
        ],
        [
          [
            0.4046629134138415,
            0.9131790422543357,
            0.04849704418700202
          ],
          [
            0.9144659241915042,
            -0.40409345189490953,
            -0.02146055983040953
          ],
          [
            4.520050353447384e-09,
            0.0530331869974886,
            -0.9985927503626739
          ]
        ]
      ]
    ]
  ],
  "GLN": [
    [
      [
        "PHI",
        1,
        -1
      ],
      [
        "BB",
        0
      ],
      [
        [
          -0.41369184356631994,
          1.390359482725148,
          -2.4374323242932526e-16
        ],
        [
          [
            -0.2851867090694304,
            0.9584719823605425,
            -5.0650283511200925e-17
          ],
          [
            0.9584719823605425,
            0.2851867090694304,
            -1.903801462003313e-16
          ],
          [
            -1.680292484627285e-16,
            -1.0284076501113371e-16,
            -0.9999999999999999
          ]
        ]
      ]
    ],
    [
      [
        "PSI",
        1,
        -1
      ],
      [
        "BB",
        0
      ],
      [
        [
          1.5180000896358918,
          2.7234700500367026e-07,
          -1.4470111975485589e-22
        ],
        [
          [
            1.0,
            0.0,
            0.0
          ],
          [
            0.0,
            1.0,
            0.0
          ],
          [
            0.0,
            0.0,
            1.0
          ]
        ]
      ]
    ],
    [
      [
        "CHI",
        1,
        -1
      ],
      [
        "BB",
        0
      ],
      [
        [
          -0.5740083391329712,
          -0.7632191584172469,
          -1.225685715675354
        ],
        [
          [
            -0.36942227283860385,
            0.4514117813415962,
            -0.8122527857734732
          ],
          [
            -0.4911952364518019,
            -0.8368499767123905,
            -0.24168027673670578
          ],
          [
            -0.7888310490959513,
            0.30969262203429926,
            0.5308823370952381
          ]
        ]
      ]
    ],
    [
      [
        "CHI",
        2,
        -1
      ],
      [
        "CHI",
        1
      ],
      [
        [
          0.669245310089797,
          1.4018425449528116,
          1.8094221866295308e-16
        ],
        [
          [
            0.4308260887487722,
            0.9024349734210407,
            -3.4691212373395996e-08
          ],
          [
            0.9024349734210406,
            -0.43082608874877293,
            -2.1880061970866005e-08
          ],
          [
            -3.4691212483912415e-08,
            -2.1880061795640346e-08,
            -0.9999999999999994
          ]
        ]
      ]
    ],
    [
      [
        "CHI",
        3,
        -1
      ],
      [
        "CHI",
        2
      ],
      [
        [
          0.5862709962760716,
          1.4153836252997636,
          -7.882728092479465e-16
        ],
        [
          [
            0.3826833983735405,
            0.9238795465910458,
            4.860785215996316e-08
          ],
          [
            0.9238795465910467,
            -0.3826833983735385,
            -4.7766477907797604e-08
          ],
          [
            -2.5529053899494016e-08,
            6.3187238508402e-08,
            -0.999999999999998
          ]
        ]
      ]
    ]
  ],
  "GLU": [
    [
      [
        "PHI",
        1,
        -1
      ],
      [
        "BB",
        0
      ],
      [
        [
          -0.4308248485658204,
          1.3857746659837098,
          -2.4457057882108987e-16
        ],
        [
          [
            -0.2968748643825504,
            0.9549163915745935,
            -5.158636804836712e-17
          ],
          [
            0.9549163915745935,
            0.2968748643825504,
            -1.9252427871034878e-16
          ],
          [
            -1.685298934982403e-16,
            -1.0641628756366878e-16,
            -1.0
          ]
        ]
      ]
    ],
    [
      [
        "PSI",
        1,
        -1
      ],
      [
        "BB",
        0
      ],
      [
        [
          1.5216001356081805,
          -3.212248422812536e-08,
          1.924722747973318e-23
        ],
        [
          [
            1.0,
            0.0,
            0.0
          ],
          [
            0.0,
            1.0,
            0.0
          ],
          [
            0.0,
            0.0,
            1.0
          ]
        ]
      ]
    ],
    [
      [
        "CHI",
        1,
        -1
      ],
      [
        "BB",
        0
      ],
      [
        [
          -0.5739506512244705,
          -0.7617659027563809,
          -1.223828196525574
        ],
        [
          [
            -0.36990893781846096,
            0.46036354371032434,
            -0.8069899536825046
          ],
          [
            -0.4909551256821275,
            -0.8342777414528254,
            -0.2508858598702194
          ],
          [
            -0.788752459450026,
            0.3033909321961442,
            0.5346246346481709
          ]
        ]
      ]
    ],
    [
      [
        "CHI",
        2,
        -1
      ],
      [
        "CHI",
        1
      ],
      [
        [
          0.6743987380937122,
          1.4019234928054294,
          -1.7718582606522727e-16
        ],
        [
          [
            0.43350171568786705,
            0.901152740935561,
            4.7250017286817385e-08
          ],
          [
            0.9011527409355614,
            -0.433501715687864,
            -6.215380146468853e-08
          ],
          [
            -3.5527104989352175e-08,
            6.952326215873366e-08,
            -0.9999999999999972
          ]
        ]
      ]
    ],
    [
      [
        "CHI",
        3,
        -1
      ],
      [
        "CHI",
        2
      ],
      [
        [
          0.664524293048555,
          1.3789308541875187,
          -5.298115890222064e-16
        ],
        [
          [
            0.4341309433834025,
            0.9008497788183293,
            6.016322997434228e-08
          ],
          [
            0.9008497788183314,
            -0.43413094338340164,
            -2.7161105272470843e-08
          ],
          [
            1.6506441085870453e-09,
            6.598950867065633e-08,
            -0.9999999999999976
          ]
        ]
      ]
    ]
  ],
  "GLY": [
    [
      [
        "PHI",
        1,
        -1
      ],
      [
        "BB",
        0
      ],
      [
        [
          -0.47235796413323805,
          1.3765086426460678,
          -2.4269712302691117e-16
        ],
        [
          [
            -0.32457772645109984,
            0.9458590272825199,
            -5.0933438078810314e-17
          ],
          [
            0.9458590272825199,
            0.32457772645109984,
            -1.937916914428799e-16
          ],
          [
            -1.667677612316386e-16,
            -1.1107631881102095e-16,
            -0.9999999999999998
          ]
        ]
      ]
    ],
    [
      [
        "PSI",
        1,
        -1
      ],
      [
        "BB",
        0
      ],
      [
        [
          1.4970999977150758,
          -7.022069742346204e-08,
          4.87286835965568e-23
        ],
        [
          [
            1.0,
            0.0,
            0.0
          ],
          [
            0.0,
            1.0,
            0.0
          ],
          [
            0.0,
            0.0,
            1.0
          ]
        ]
      ]
    ]
  ],
  "HSD": [
    [
      [
        "PHI",
        1,
        -1
      ],
      [
        "BB",
        0
      ],
      [
        [
          -0.44148666957192106,
          1.3833596221065905,
          -2.429847966872762e-16
        ],
        [
          [
            -0.30403322458062837,
            0.9526614290245539,
            -5.066600981643539e-17
          ],
          [
            0.9526614290245539,
            0.30403322458062837,
            -1.9181791949193276e-16
          ],
          [
            -1.6733338295457686e-16,
            -1.0658657391017712e-16,
            -1.0000000000000002
          ]
        ]
      ]
    ],
    [
      [
        "PSI",
        1,
        -1
      ],
      [
        "BB",
        0
      ],
      [
        [
          NaN,
          NaN,
          NaN
        ],
        [
          [
            NaN,
            NaN,
            NaN
          ],
          [
            NaN,
            NaN,
            NaN
          ],
          [
            NaN,
            NaN,
            NaN
          ]
        ]
      ]
    ],
    [
      [
        "CHI",
        1,
        -1
      ],
      [
        "BB",
        0
      ],
      [
        [
          -0.5305264917605608,
          -0.7827397434400277,
          -1.2305501972447328
        ],
        [
          [
            -0.3418561027586337,
            0.4671500889960201,
            -0.8154171934400751
          ],
          [
            -0.5043751125563869,
            -0.8233374403364304,
            -0.26023298248682275
          ],
          [
            -0.7929313657816863,
            0.32231390551954997,
            0.5170818073267751
          ]
        ]
      ]
    ],
    [
      [
        "CHI",
        2,
        -1
      ],
      [
        "CHI",
        1
      ],
      [
        [
          0.6129713859608615,
          1.3735294738018744,
          2.3125466477631367e-16
        ],
        [
          [
            0.40753361688060113,
            5.2387713471221e-08,
            0.913190205330857
          ],
          [
            0.9131902053308578,
            1.2921469345279026e-08,
            -0.4075336168806023
          ],
          [
            -3.314951357013396e-08,
            0.9999999999999986,
            -4.2574013669176055e-08
          ]
        ]
      ]
    ]
  ],
  "HSE": [
    [
      [
        "PHI",
        1,
        -1
      ],
      [
        "BB",
        0
      ],
      [
        [
          -0.4110287750321108,
          1.3938599591440493,
          -2.445163500984998e-16
        ],
        [
          [
            -0.2828439070496084,
            0.959165952400789,
            -5.0796682187912045e-17
          ],
          [
            0.959165952400789,
            0.2828439070496084,
            -1.904030935194296e-16
          ],
          [
            -1.6826063248043386e-16,
            -1.0257680293493626e-16,
            -1.0
          ]
        ]
      ]
    ],
    [
      [
        "PSI",
        1,
        -1
      ],
      [
        "BB",
        0
      ],
      [
        [
          1.516600058067261,
          1.9355971886403367e-07,
          -9.682957255082875e-23
        ],
        [
          [
            1.0,
            0.0,
            0.0
          ],
          [
            0.0,
            1.0,
            0.0
          ],
          [
            0.0,
            0.0,
            1.0
          ]
        ]
      ]
    ],
    [
      [
        "CHI",
        1,
        -1
      ],
      [
        "BB",
        0
      ],
      [
        [
          -0.5752335304635869,
          -0.7994630852321789,
          -1.2069410085678105
        ],
        [
          [
            -0.36926014488711884,
            0.462214894180065,
            -0.8062284645161418
          ],
          [
            -0.5132000238230497,
            -0.8246836233829081,
            -0.23774494079172234
          ],
          [
            -0.7747726640415018,
            0.32596673591357367,
            0.5417314889609844
          ]
        ]
      ]
    ],
    [
      [
        "CHI",
        2,
        -1
      ],
      [
        "CHI",
        1
      ],
      [
        [
          0.6845241767393443,
          1.3469395184538537,
          1.317038834011435e-16
        ],
        [
          [
            0.45305717904916654,
            2.6124986859705427e-09,
            0.8914814594325624
          ],
          [
            0.8914814594325622,
            -8.660037040834647e-09,
            -0.4530571790491665
          ],
          [
            6.53665109374566e-09,
            0.9999999999999999,
            -6.252486123580406e-09
          ]
        ]
      ]
    ]
  ],
  "ILE": [
    [
      [
        "PHI",
        1,
        -1
      ],
      [
        "BB",
        0
      ],
      [
        [
          -0.40936318419034623,
          1.3953922609418892,
          -2.4468406235629565e-16
        ],
        [
          [
            -0.28150407607726635,
            0.959560032072973,
            -5.074802646368028e-17
          ],
          [
            0.959560032072973,
            0.28150407607726635,
            -1.9023929219849587e-16
          ],
          [
            -1.6826024502112535e-16,
            -1.0224891408505985e-16,
            -1.0000000000000002
          ]
        ]
      ]
    ],
    [
      [
        "PSI",
        1,
        -1
      ],
      [
        "BB",
        0
      ],
      [
        [
          NaN,
          NaN,
          NaN
        ],
        [
          [
            NaN,
            NaN,
            NaN
          ],
          [
            NaN,
            NaN,
            NaN
          ],
          [
            NaN,
            NaN,
            NaN
          ]
        ]
      ]
    ],
    [
      [
        "CHI",
        1,
        -1
      ],
      [
        "BB",
        0
      ],
      [
        [
          -0.6109418272652575,
          -0.812172703526686,
          -1.1941790302826396
        ],
        [
          [
            -0.38960637681533167,
            0.46901084371496093,
            -0.7926132093414864
          ],
          [
            -0.5179342342830694,
            -0.8232103330394158,
            -0.2325271522526892
          ],
          [
            -0.7615451398981159,
            0.31992745436257153,
            0.5636447674223936
          ]
        ]
      ]
    ],
    [
      [
        "CHI",
        2,
        -1
      ],
      [
        "CHI",
        1
      ],
      [
        [
          0.621204582741291,
          1.419853948975435,
          1.421331417421244e-16
        ],
        [
          [
            0.4008288423625664,
            0.9161529561870536,
            8.602296965032094e-08
          ],
          [
            0.9161529561870576,
            -0.4008288423625646,
            -3.7983527155369555e-08
          ],
          [
            -3.182333482748827e-10,
            9.403509116366497e-08,
            -0.9999999999999956
          ]
        ]
      ]
    ],
    [
      [
        "XI",
        2,
        2
      ],
      [
        "CHI",
        1
      ],
      [
        [
          0.6267645481622984,
          -0.9086139413186349,
          -1.081309629433231
        ],
        [
          [
            0.40562027924640554,
            0.9035246138566663,
            -0.1382586750234161
          ],
          [
            -0.5880234544698884,
            0.14213756624741208,
            -0.7962570748536941
          ],
          [
            -0.6997861145074022,
            0.40427736075178033,
            0.5889475439512486
          ]
        ]
      ]
    ],
    [
      [
        "XI",
        3,
        1
      ],
      [
        "CHI",
        2
      ],
      [
        [
          0.6278080355449931,
          1.4041400229929768,
          -3.357516279447062e-16
        ],
        [
          [
            0.408171107830508,
            0.9114641630531133,
            -0.051277930947957205
          ],
          [
            0.9129054423829533,
            -0.4075266938250182,
            0.022926994736205294
          ],
          [
            8.403149902689678e-09,
            -0.05617003907722854,
            -0.9984212170772726
          ]
        ]
      ]
    ]
  ],
  "LEU": [
    [
      [
        "PHI",
        1,
        -1
      ],
      [
        "BB",
        0
      ],
      [
        [
          -0.4011116113286953,
          1.3942489940885556,
          -2.443247192088533e-16
        ],
        [
          [
            -0.27647615041719975,
            0.9610207793021368,
            -5.071578415255696e-17
          ],
          [
            0.9610207793021368,
            0.27647615041719975,
            -1.898279362095588e-16
          ],
          [
            -1.6840688642153783e-16,
            -1.0122181945406993e-16,
            -1.0000000000000002
          ]
        ]
      ]
    ],
    [
      [
        "PSI",
        1,
        -1
      ],
      [
        "BB",
        0
      ],
      [
        [
          1.5184002059256405,
          4.886769788825518e-08,
          -1.458036346107137e-23
        ],
        [
          [
            1.0,
            0.0,
            0.0
          ],
          [
            0.0,
            1.0,
            0.0
          ],
          [
            0.0,
            0.0,
            1.0
          ]
        ]
      ]
    ],
    [
      [
        "CHI",
        1,
        -1
      ],
      [
        "BB",
        0
      ],
      [
        [
          -0.5852680367429268,
          -0.7527739487617312,
          -1.2274533510208134
        ],
        [
          [
            -0.3765476261861001,
            0.442426518828229,
            -0.8139230065867092
          ],
          [
            -0.48431699604991313,
            -0.8429752667615261,
            -0.23415752596387412
          ],
          [
            -0.7897144626704018,
            0.30602528501068194,
            0.5316950182043555
          ]
        ]
      ]
    ],
    [
      [
        "CHI",
        2,
        -1
      ],
      [
        "CHI",
        1
      ],
      [
        [
          0.7134591314604438,
          1.3728814870693902,
          -9.375332891486245e-17
        ],
        [
          [
            0.46112925915204894,
            0.8873329737780975,
            -1.6735389715741102e-08
          ],
          [
            0.8873329737780977,
            -0.46112925915204867,
            2.6336963287396576e-08
          ],
          [
            1.565247809284968e-08,
            -2.6994607492835845e-08,
            -0.9999999999999993
          ]
        ]
      ]
    ],
    [
      [
        "XI",
        3,
        1
      ],
      [
        "CHI",
        2
      ],
      [
        [
          0.5374513514800645,
          1.4390100888383985,
          4.570119448487907e-17
        ],
        [
          [
            0.3498803854583334,
            0.9357773959210187,
            0.04363921579045011
          ],
          [
            0.9367943829205683,
            -0.3495005542834881,
            -0.016298671234386084
          ],
          [
            1.982572437588226e-09,
            0.04658355760149788,
            -0.998914396813455
          ]
        ]
      ]
    ],
    [
      [
        "XI",
        3,
        2
      ],
      [
        "CHI",
        2
      ],
      [
        [
          0.5895350218380836,
          -0.7091799644588792,
          1.2283357083605329
        ],
        [
          [
            0.3838119056340922,
            0.9232591798570455,
            0.01676030737256093
          ],
          [
            -0.46170569496624003,
            0.17615563072068005,
            0.8693658867249975
          ],
          [
            0.7996976130571282,
            -0.3414113070404896,
            0.4938846495849374
          ]
        ]
      ]
    ]
  ],
  "LYS": [
    [
      [
        "PHI",
        1,
        -1
      ],
      [
        "BB",
        0
      ],
      [
        [
          -0.4310710089961092,
          1.3848602102739824,
          -2.43163726908829e-16
        ],
        [
          [
            -0.2972083873468525,
            0.9548126384221585,
            -5.0722050430462354e-17
          ],
          [
            0.9548126384221585,
            0.2972083873468525,
            -1.9137565683528905e-16
          ],
          [
            -1.6765287702131252e-16,
            -1.0530850514315242e-16,
            -1.0000000000000002
          ]
        ]
      ]
    ],
    [
      [
        "PSI",
        1,
        -1
      ],
      [
        "BB",
        0
      ],
      [
        [
          1.518699913060017,
          1.7534396312690603e-07,
          -9.780235137168552e-23
        ],
        [
          [
            1.0,
            0.0,
            0.0
          ],
          [
            0.0,
            1.0,
            0.0
          ],
          [
            0.0,
            0.0,
            1.0
          ]
        ]
      ]
    ],
    [
      [
        "CHI",
        1,
        -1
      ],
      [
        "BB",
        0
      ],
      [
        [
          -0.5670280207284292,
          -0.7732404310967169,
          -1.2264603376388548
        ],
        [
          [
            -0.3642266274723597,
            0.4626083596806194,
            -0.8082898424412602
          ],
          [
            -0.49668577045913537,
            -0.8306629114812797,
            -0.25159962820492804
          ],
          [
            -0.7878084851431377,
            0.30982677909285006,
            0.5323205403640032
          ]
        ]
      ]
    ],
    [
      [
        "CHI",
        2,
        -1
      ],
      [
        "CHI",
        1
      ],
      [
        [
          0.6708089186100413,
          1.3901108647676714,
          3.8825459791207205e-16
        ],
        [
          [
            0.43460242721893144,
            0.9006224126988028,
            -1.8127850095763057e-08
          ],
          [
            0.900622412698803,
            -0.4346024272189313,
            1.4429169242997418e-08
          ],
          [
            5.116825564988137e-09,
            -2.2597300066047785e-08,
            -0.9999999999999998
          ]
        ]
      ]
    ],
    [
      [
        "CHI",
        3,
        -1
      ],
      [
        "CHI",
        2
      ],
      [
        [
          0.6085276797360732,
          1.4143445780783566,
          -4.669998645408766e-16
        ],
        [
          [
            0.39522478354173857,
            0.9185844384020367,
            -2.4763244044442475e-08
          ],
          [
            0.9185844384020371,
            -0.3952247835417381,
            2.019668229289671e-08
          ],
          [
            8.765310294348868e-09,
            -3.072936001104814e-08,
            -0.9999999999999994
          ]
        ]
      ]
    ],
    [
      [
        "CHI",
        4,
        -1
      ],
      [
        "CHI",
        3
      ],
      [
        [
          0.5832089486661968,
          1.4198917097006818,
          2.7841358877362093e-16
        ],
        [
          [
            0.379940678036261,
            0.9250108546246001,
            -1.1511449960109925e-07
          ],
          [
            0.9250108546246073,
            -0.3799406780362573,
            5.359285461521544e-08
          ],
          [
            5.83729121914627e-09,
            -1.2684426717610054e-07,
            -0.9999999999999921
          ]
        ]
      ]
    ],
    [
      [
        "XI",
        5,
        1
      ],
      [
        "CHI",
        4
      ],
      [
        [
          0.5104877053674289,
          1.3682728959188455,
          6.284114936366993e-17
        ],
        [
          [
            0.3495533505746473,
            0.9369155478494428,
            0.0013081666621755565
          ],
          [
            0.9369164611116818,
            -0.34955300984178167,
            -0.00048806609550167937
          ],
          [
            -3.119115551529307e-09,
            0.0013962480186543013,
            -0.99999902524526
          ]
        ]
      ]
    ]
  ],
  "MET": [
    [
      [
        "PHI",
        1,
        -1
      ],
      [
        "BB",
        0
      ],
      [
        [
          -0.40749067320035837,
          1.3926062391445269,
          -2.4421818001297783e-16
        ],
        [
          [
            -0.28083437012285883,
            0.9597562485119321,
            -5.0774026038229994e-17
          ],
          [
            0.9597562485119321,
            0.28083437012285883,
            -1.9022471292899055e-16
          ],
          [
            -1.6831026523393919e-16,
            -1.0215232618951347e-16,
            -1.0000000000000002
          ]
        ]
      ]
    ],
    [
      [
        "PSI",
        1,
        -1
      ],
      [
        "BB",
        0
      ],
      [
        [
          1.5195001609571723,
          2.2043626907164438e-07,
          -1.025462888405476e-22
        ],
        [
          [
            1.0,
            0.0,
            0.0
          ],
          [
            0.0,
            1.0,
            0.0
          ],
          [
            0.0,
            0.0,
            1.0
          ]
        ]
      ]
    ],
    [
      [
        "CHI",
        1,
        -1
      ],
      [
        "BB",
        0
      ],
      [
        [
          -0.5793432468901054,
          -0.7563397784300717,
          -1.2284515176027437
        ],
        [
          [
            -0.37266383363383493,
            0.44615100287581416,
            -0.813677423635582
          ],
          [
            -0.486517261396552,
            -0.840603353954939,
            -0.23809022592896686
          ],
          [
            -0.7902041644186218,
            0.30714049546195094,
            0.5303226325387734
          ]
        ]
      ]
    ],
    [
      [
        "CHI",
        2,
        -1
      ],
      [
        "CHI",
        1
      ],
      [
        [
          0.675781044662367,
          1.3904806546212751,
          -3.003169872868903e-17
        ],
        [
          [
            0.43711575183372425,
            0.8994052587676074,
            -1.0664779744714702e-07
          ],
          [
            0.8994052587676132,
            -0.43711575183372464,
            2.1411947500170685e-08
          ],
          [
            -2.7359413980411003e-08,
            -1.0527908938970861e-07,
            -0.9999999999999942
          ]
        ]
      ]
    ],
    [
      [
        "CHI",
        3,
        -1
      ],
      [
        "CHI",
        2
      ],
      [
        [
          0.6314854445716348,
          1.7089603729997467,
          -1.6527225472253633e-16
        ],
        [
          [
            0.346608179739842,
            0.9380100051371686,
            -4.66580881291817e-08
          ],
          [
            0.9380100051371696,
            -0.3466081797398426,
            -2.6984106818683447e-09
          ],
          [
            -1.870321121415834e-08,
            -4.2830462271111307e-08,
            -0.9999999999999991
          ]
        ]
      ]
    ],
    [
      [
        "XI",
        4,
        1
      ],
      [
        "CHI",
        3
      ],
      [
        [
          0.28292127124739874,
          1.798482995182987,
          2.1915427704609342e-16
        ],
        [
          [
            0.1554000134932371,
            0.9878010122066545,
            -0.009999804488654245
          ],
          [
            0.9878516264127425,
            -0.1553920508718554,
            0.00157312413333011
          ],
          [
            4.3483420630477024e-08,
            -0.01012278663947257,
            -0.9999487632827246
          ]
        ]
      ]
    ]
  ],
  "PHE": [
    [
      [
        "PHI",
        1,
        -1
      ],
      [
        "BB",
        0
      ],
      [
        [
          -0.409022024095135,
          1.3915319507017556,
          -2.436504588625076e-16
        ],
        [
          [
            -0.2820063829444488,
            0.9594125285707857,
