{
  "ALA": [
    [
      [
        "PHI",
        1,
        -1
      ],
      [
        "BB",
        0
      ],
      [
        [
          -0.5362700855881719,
          1.361169862766309,
          7.590321589603823e-17
        ],
        [
          [
            -0.3665550824252716,
            0.10278125010601939,
            0.9247017822924569
          ],
          [
            0.930396351856671,
            0.040493483803114,
            0.3643115510401565
          ],
          [
            -8.387191284736653e-17,
            0.9938794154202666,
            -0.11047039243104534
          ]
        ]
      ]
    ],
    [
      [
        "PSI",
        1,
        -1
      ],
      [
        "BB",
        0
      ],
      [
        [
          1.5279999999999998,
          -1.0324253063159102e-16,
          -3.3718353344735365e-16
        ],
        [
          [
            0.9999999999999998,
            -4.7860244431608463e-17,
            2.0444067362084866e-17
          ],
          [
            4.167566945245583e-17,
            0.9716934359029454,
            0.23624535259582954
          ],
          [
            -3.117212637996345e-17,
            -0.23624535259582954,
            0.9716934359029454
          ]
        ]
      ]
    ],
    [
      [
        "XI",
        1,
        1
      ],
      [
        "BB",
        0
      ],
      [
        [
          -0.5320873251420002,
          -0.7839508518022246,
          -1.1991684745613505
        ],
        [
          [
            -0.3481563339278942,
            0.641934039564745,
            -0.6831601978994224
          ],
          [
            -0.5129561289028496,
            -0.7404279055658417,
            -0.43432997419057445
          ],
          [
            -0.7846420693328217,
            0.19921647900580497,
            0.5870686650858125
          ]
        ]
      ]
    ]
  ],
  "ARG": [
    [
      [
        "PHI",
        1,
        -1
      ],
      [
        "BB",
        0
      ],
      [
        [
          -0.5398208429201526,
          1.359012416260048,
          3.345413981225159e-16
        ],
        [
          [
            -0.3691587519114772,
            0.20444414834449187,
            0.9066004666306193
          ],
          [
            0.9293663518156665,
            0.08120839160037382,
            0.3601157886659787
          ],
          [
            9.123943071153664e-17,
            0.9755038633144292,
            -0.21998230078491376
          ]
        ]
      ]
    ],
    [
      [
        "PSI",
        1,
        -1
      ],
      [
        "BB",
        0
      ],
      [
        [
          1.5277000000000007,
          -1.417548125774047e-17,
          -1.2331461910985794e-16
        ],
        [
          [
            1.0,
            0.0,
            0.0
          ],
          [
            0.0,
            1.0,
            0.0
          ],
          [
            0.0,
            0.0,
            1.0
          ]
        ]
      ]
    ],
    [
      [
        "CHI",
        1,
        -1
      ],
      [
        "BB",
        0
      ],
      [
        [
          -0.528282530678192,
          -0.7906144257804455,
          -1.2004300719026073
        ],
        [
          [
            -0.34496704367127623,
            -0.9329943442599626,
            0.1025636015339852
          ],
          [
            -0.5162690517046139,
            0.2798641532904772,
            0.8094086248336023
          ],
          [
            -0.7838775446667154,
            0.22626888712752058,
            -0.5782200149470398
          ]
        ]
      ]
    ],
    [
      [
        "CHI",
        2,
        -1
      ],
      [
        "CHI",
        1
      ],
      [
        [
          0.6135612167399016,
          1.3929576602727927,
          2.490352537040347e-16
        ],
        [
          [
            0.4031017782930833,
            -0.9094110657973477,
            -0.10237416540459437
          ],
          [
            0.9151551542426861,
            0.40057165839346376,
            0.04509312758011157
          ],
          [
            1.054447604639961e-16,
            -0.11186536504764764,
            0.9937233720219915
          ]
        ]
      ]
    ],
    [
      [
        "CHI",
        3,
        -1
      ],
      [
        "CHI",
        2
      ],
      [
        [
          0.5659212871037613,
          1.41481431177481,
          -3.098924953921631e-16
        ],
        [
          [
            0.3713881658378797,
            -0.9255965231533284,
            -0.07308834792253589
          ],
          [
            0.928477695087812,
            0.3702357061009658,
            0.029235109925289642
          ],
          [
            -3.2225252346354755e-16,
            -0.0787184746701143,
            0.9968968862152249
          ]
        ]
      ]
    ],
    [
      [
        "CHI",
        4,
        -1
      ],
      [
        "CHI",
        3
      ],
      [
        [
          0.5398590848017767,
          1.3579211532916746,
          -4.3051036208697427e-16
        ],
        [
          [
            0.3694375452006954,
            -0.9290245171959058,
            -0.020720681576591484
          ],
          [
            0.9292555623702689,
            0.36934569020891106,
            0.008237774457885172
          ],
          [
            -2.890248641631643e-16,
            -0.02229815178478887,
            0.9997513653038854
          ]
        ]
      ]
    ]
  ],
  "ASN": [
    [
      [
        "PHI",
        1,
        -1
      ],
      [
        "BB",
        0
      ],
      [
        [
          -0.5587757327834412,
          1.3508964765859475,
          -3.2037714602460357e-16
        ],
        [
          [
            -0.38222568765540843,
            -0.1424786172394222,
            0.913018820904527
          ],
          [
            0.9240690037526151,
            -0.05893389695939723,
            0.37765496434288937
          ],
          [
            -4.292634803133532e-16,
            0.988041820683073,
            0.15418612318000166
          ]
        ]
      ]
    ],
    [
      [
        "PSI",
        1,
        -1
      ],
      [
        "BB",
        0
      ],
      [
        [
          1.5264000000000015,
          -3.522892151658249e-16,
          -4.617621632524365e-16
        ],
        [
          [
            1.0000000000000004,
            2.3210823591318964e-17,
            -1.638162916244487e-17
          ],
          [
            -2.4374503940083848e-17,
            0.9971813201555491,
            -0.07502942577973833
          ],
          [
            1.4593959828573945e-17,
            0.07502942577973833,
            0.9971813201555491
          ]
        ]
      ]
    ],
    [
      [
        "CHI",
        1,
        -1
      ],
      [
        "BB",
        0
      ],
      [
        [
          -0.5279546941346244,
          -0.8040171203248705,
          -1.1920256713534818
        ],
        [
          [
            -0.3446854437126228,
            -0.9148901910600695,
            -0.21016156450384124
          ],
          [
            -0.5249181434516358,
            0.0022436338891577267,
            0.8511497569654002
          ],
          [
            -0.7782370381624875,
            0.40369654990975734,
            -0.48101580849597697
          ]
        ]
      ]
    ],
    [
      [
        "CHI",
        2,
        -1
      ],
      [
        "CHI",
        1
      ],
      [
        [
          0.5832263565454552,
          1.4012722280237757,
          -4.812525707092353e-16
        ],
        [
          [
            0.3842577128379599,
            -0.9214001436996674,
            -0.058032622849332534
          ],
          [
            0.9232258716720089,
            0.38349782289505163,
            0.024153875676910203
          ],
          [
            -3.0804756653946683e-16,
            -0.06285853183926988,
            0.9980224471298289
          ]
        ]
      ]
    ]
  ],
  "ASP": [
    [
      [
        "PHI",
        1,
        -1
      ],
      [
        "BB",
        0
      ],
      [
        [
          -0.5442673900469797,
          1.3583150953042702,
          7.627561686976907e-16
        ],
        [
          [
            -0.3719451855716394,
            0.011970744070616655,
            0.9281775046921116
          ],
          [
            0.9282546950756991,
            0.004796593702564296,
            0.37191425592302024
          ],
          [
            3.1453540518164066e-16,
            0.9999168435301251,
            -0.012895969321911442
          ]
        ]
      ]
    ],
    [
      [
        "PSI",
        1,
        -1
      ],
      [
        "BB",
        0
      ],
      [
        [
          1.5277999999999994,
          -4.8904650251853746e-17,
          -4.2711486838521326e-17
        ],
        [
          [
            1.0,
            -8.381926936952941e-18,
            1.3143510640014154e-17
          ],
          [
            2.102673711995133e-18,
            0.9079626428894226,
            0.4190511175468392
          ],
          [
            -1.5446272507678584e-17,
            -0.4190511175468392,
            0.9079626428894226
          ]
        ]
      ]
    ],
    [
      [
        "CHI",
        1,
        -1
      ],
      [
        "BB",
        0
      ],
      [
        [
          -0.5162479246183447,
          -0.794450248156243,
          -1.2038940499610975
        ],
        [
          [
            -0.3369764521007471,
            -0.9323251275035487,
            -0.13121252743196735
          ],
          [
            -0.5185706580654331,
            0.06747074046937938,
            0.8523685656886331
          ],
          [
            -0.7858316253009779,
            0.3552711018447823,
            -0.5062125056444359
          ]
        ]
      ]
    ],
    [
      [
        "CHI",
        2,
        -1
      ],
      [
        "CHI",
        1
      ],
      [
        [
          0.5934997194720772,
          1.3994506397106572,
          -5.696145179762972e-16
        ],
        [
          [
            0.3904346552674678,
            -0.9189239480454963,
            -0.056031755948325934
          ],
          [
            0.920630642530529,
            0.3897108550351846,
            0.02376277554436333
          ],
          [
            -4.2469848640909525e-16,
            -0.06086236255868278,
            0.9981461680654674
          ]
        ]
      ]
    ]
  ],
  "CYS": [
    [
      [
        "PHI",
        1,
        -1
      ],
      [
        "BB",
        0
      ],
      [
        [
          -0.5446113111931451,
          1.3572075300853892,
          8.252338788242381e-17
        ],
        [
          [
            -0.37240926640669125,
            -0.22096822586616344,
            0.9013791552127165
          ],
          [
            0.9280686064588276,
            -0.0886686763471044,
            0.3616994989496423
          ],
          [
            -1.3065102885560234e-17,
            0.971241941532805,
            0.2380947101629673
          ]
        ]
      ]
    ],
    [
      [
        "PSI",
        1,
        -1
      ],
      [
        "BB",
        0
      ],
      [
        [
          1.527199999999999,
          6.58979283918117e-17,
          -2.4486836353631087e-16
        ],
        [
          [
            0.9999999999999997,
            -4.1138220798921244e-17,
            -6.065455810005112e-18
          ],
          [
            4.127280523969209e-17,
            0.9641433757599452,
            0.265381896477918
          ],
          [
            -5.069370013163949e-18,
            -0.265381896477918,
            0.9641433757599452
          ]
        ]
      ]
    ],
    [
      [
        "CHI",
        1,
        -1
      ],
      [
        "BB",
        0
      ],
      [
        [
          -0.5232767867492168,
          -0.7916446094238294,
          -1.1999034364562862
        ],
        [
          [
            -0.34205568489293875,
            -0.9395488028194539,
            0.015682970157270697
          ],
          [
            -0.5174824221622629,
            0.20227506301185458,
            0.831442566649452
          ],
          [
            -0.7843531418854014,
            0.276283995200738,
            -0.5553893254379475
          ]
        ]
      ]
    ],
    [
      [
        "XI",
        2,
        1
      ],
      [
        "CHI",
        1
      ],
      [
        [
          0.7230524508440821,
          1.6572328633382714,
          -3.911681850150089e-16
        ],
        [
          [
            0.3998962727969043,
            -0.8736784218818632,
            0.27707216774905596
          ],
          [
            0.9165604022666177,
            0.3811868194061557,
            -0.12088687980039457
          ],
          [
            -2.631016849750588e-16,
            0.3022955901911837,
            0.9532142341315325
          ]
        ]
      ]
    ]
  ],
  "GLN": [
    [
      [
        "PHI",
        1,
        -1
      ],
      [
        "BB",
        0
      ],
      [
        [
          -0.5401546348379366,
          1.358664557741569,
          -1.6590467640760942e-16
        ],
        [
          [
            -0.36943754520069566,
            0.1667265525498213,
            0.9141762176248821
          ],
          [
            0.9292555623702687,
            0.06628429335054993,
            0.36344255702783934
          ],
          [
            -3.908808309307094e-16,
            0.9837726613043639,
            -0.17941948297253024
          ]
        ]
      ]
    ],
    [
      [
        "PSI",
        1,
        -1
      ],
      [
        "BB",
        0
      ],
      [
        [
          1.5274000000000016,
          -2.398681974964636e-16,
          -3.5060372013232647e-16
        ],
        [
          [
            1.0000000000000004,
            -1.1644329555900707e-17,
            8.414943354380368e-18
          ],
          [
            1.1193011626184208e-17,
            0.9986586799638741,
            0.0517768378023735
          ],
          [
            -9.006562784989524e-18,
            -0.0517768378023735,
            0.9986586799638741
          ]
        ]
      ]
    ],
    [
      [
        "CHI",
        1,
        -1
      ],
      [
        "BB",
        0
      ],
      [
        [
          -0.5282480339738252,
          -0.7915228271400812,
          -1.199718849863983
        ],
        [
          [
            -0.3449670436712767,
            -0.9353981460655222,
            -0.07764049921196693
          ],
          [
            -0.5168959884673686,
            0.12027753039757957,
            0.8475564009479257
          ],
          [
            -0.7834642786286057,
            0.3325110885649429,
            -0.5249953334024174
          ]
        ]
      ]
    ],
    [
      [
        "CHI",
        2,
        -1
      ],
      [
        "CHI",
        1
      ],
      [
        [
          0.6131923180687451,
          1.3955234398108396,
          -9.511421332289522e-16
        ],
        [
          [
            0.4022779755092474,
            -0.8421382678266164,
            0.35913168654710464
          ],
          [
            0.9155175751563602,
            0.37003514369704704,
            -0.15780228771765126
          ],
          [
            -5.454737305501424e-16,
            0.3922717556632037,
            0.9198493733807226
          ]
        ]
      ]
    ],
    [
      [
        "CHI",
        3,
        -1
      ],
      [
        "CHI",
        2
      ],
      [
        [
          0.5899687630933622,
          1.4000747653515124,
          -5.90610939636888e-17
        ],
        [
          [
            0.3883161739573236,
            -0.9213230173177881,
            0.019350627989620825
          ],
          [
            0.9215262063789321,
            0.3882305533875914,
            -0.00815404030030488
          ],
          [
            -1.7319356871232682e-16,
            0.020998456534033472,
            0.9997795081032561
          ]
        ]
      ]
    ]
  ],
  "GLU": [
    [
      [
        "PHI",
        1,
        -1
      ],
      [
        "BB",
        0
      ],
      [
        [
          -0.5417846430046409,
          1.358015394096964,
          5.394800663256691e-16
        ],
        [
          [
            -0.3705523856129138,
            0.28961177746571815,
            0.8825054945266494
          ],
          [
            0.9288115683585012,
            0.1155415572947474,
            0.3520784273728314
          ],
          [
            1.6216070337060445e-16,
            0.9501448136421377,
            -0.3118089689360266
          ]
        ]
      ]
    ],
    [
      [
        "PSI",
        1,
        -1
      ],
      [
        "BB",
        0
      ],
      [
        [
          1.5275999999999998,
          0.0,
          0.0
        ],
        [
          [
            1.0,
            0.0,
            0.0
          ],
          [
            0.0,
            0.9997355116598362,
            0.022997972220300766
          ],
          [
            0.0,
            -0.022997972220300766,
            0.9997355116598362
          ]
        ]
      ]
    ],
    [
      [
        "CHI",
        1,
        -1
      ],
      [
        "BB",
        0
      ],
      [
        [
          -0.5293521904467213,
          -0.792309790223479,
          -1.199606374935247
        ],
        [
          [
            -0.34553015042214236,
            -0.9358078025779268,
            0.0698045255232363
          ],
          [
            -0.5171734923129759,
            0.25197018319061865,
            0.8179502464280372
          ],
          [
            -0.7830328818115191,
            0.24652542144200554,
            -0.5710382846927073
          ]
        ]
      ]
    ],
    [
      [
        "CHI",
        2,
        -1
      ],
      [
        "CHI",
        1
      ],
      [
        [
          0.614206179585171,
          1.3944219085195797,
          -5.023045810371201e-16
        ],
        [
          [
            0.40310177829308363,
            -0.8663374080789719,
            0.294904139848803
          ],
          [
            0.9151551542426853,
            0.38159884493842455,
            -0.12989751808524486
          ],
          [
            -4.306508782039756e-16,
            0.322244964126158,
            0.9466563173059854
          ]
        ]
      ]
    ],
    [
      [
        "CHI",
        3,
        -1
      ],
      [
        "CHI",
        2
      ],
      [
        [
          0.6038937921414207,
          1.397829595413209,
          1.1361734325653555e-16
        ],
        [
          [
            0.39659407115086387,
            -0.9176080969733234,
            -0.026618097170531537
          ],
          [
            0.9179940864341033,
            0.39642731503126116,
            0.011499616042361225
          ],
          [
            4.34065390804462e-17,
            -0.028995935337588107,
            0.9995795294692158
          ]
        ]
      ]
    ]
  ],
  "GLY": [
    [
      [
        "PHI",
        1,
        -1
      ],
      [
        "BB",
        0
      ],
      [
        [
          -0.5684914801725917,
          1.3434712043699253,
          1.5039112000137418e-17
        ],
        [
          [
            -0.3896980258929199,
            0.1598868277447879,
            0.9069573589363892
          ],
          [
            0.920942695619636,
            0.06765630634216921,
            0.3837801136027939
          ],
          [
            -4.8473897907840585e-17,
            0.9848141075989131,
            -0.17361213515810728
          ]
        ]
      ]
    ],
    [
      [
        "PSI",
        1,
        -1
      ],
      [
        "BB",
        0
      ],
      [
        [
          1.5188999999999997,
          -1.8800202526941062e-16,
          -2.2786175582072304e-16
        ],
        [
          [
            1.0,
            -4.9629298816563955e-17,
            5.56140697334228e-17
          ],
          [
            1.977350948139555e-17,
            0.89600809823464,
            0.4440377099953829
          ],
          [
            -7.186793705211644e-17,
            -0.4440377099953829,
            0.89600809823464
          ]
        ]
      ]
    ]
  ],
  "HSD": [
    [
      [
        "PHI",
        1,
        -1
      ],
      [
        "BB",
        0
      ],
      [
        [
          -0.5491931203559575,
          1.3544967613669983,
          9.166710453613223e-17
        ],
        [
          [
            -0.3757478929638463,
            0.2538741881457335,
            0.8912695537976011
          ],
          [
            0.9267219221175415,
            0.10293561530917072,
            0.36137340545160834
          ],
          [
            -7.878356992725263e-17,
            0.9617443296917678,
            -0.2739486161778023
          ]
        ]
      ]
    ],
    [
      [
        "PSI",
        1,
        -1
      ],
      [
        "BB",
        0
      ],
      [
        [
          1.5275000000000012,
          -1.949763786196756e-16,
          -3.517266131840901e-16
        ],
        [
          [
            1.0000000000000004,
            -1.5326838818138332e-17,
            9.186409405629416e-18
          ],
          [
            1.466518067174066e-17,
            0.9976752812783192,
            0.0681471431993142
          ],
          [
            -1.02095338674316e-17,
            -0.0681471431993142,
            0.9976752812783192
          ]
        ]
      ]
    ],
    [
      [
        "CHI",
        1,
        -1
      ],
      [
        "BB",
        0
      ],
      [
        [
          -0.5303237903406213,
          -0.7949295179685172,
          -1.197314223109831
        ],
        [
          [
            -0.3461869510677075,
            -0.8773526115948196,
            0.3322754728206638
          ],
          [
            -0.5189173692594279,
            0.47413508778214725,
            0.7112810150810235
          ],
          [
            -0.7815877166328294,
            0.07381269173771218,
            -0.6194128895551935
          ]
        ]
      ]
    ],
    [
      [
        "CHI",
        2,
        -1
      ],
      [
        "CHI",
        1
      ],
      [
        [
          0.5985419337196306,
          1.371481138615902,
          6.828850937626042e-17
        ],
        [
          [
            0.39998792683749695,
            -0.9152334564397278,
            0.048552843352692505
          ],
          [
            0.916520408056603,
            0.3994262752859886,
            -0.021189436682472588
          ],
          [
            1.0468397282593929e-16,
            0.05297519065139466,
            0.9985958287392599
          ]
        ]
      ]
    ]
  ],
  "HSE": [
    [
      [
        "PHI",
        1,
        -1
      ],
      [
        "BB",
        0
      ],
      [
        [
          -0.5491931203559575,
          1.3544967613669983,
          9.166710453613223e-17
        ],
        [
          [
            -0.3757478929638463,
            0.2538741881457335,
            0.8912695537976011
          ],
          [
            0.9267219221175415,
            0.10293561530917072,
            0.36137340545160834
          ],
          [
            -7.878356992725263e-17,
            0.9617443296917678,
            -0.2739486161778023
          ]
        ]
      ]
    ],
    [
      [
        "PSI",
        1,
        -1
      ],
      [
        "BB",
        0
      ],
      [
        [
          1.5275000000000012,
          -1.949763786196756e-16,
          -3.517266131840901e-16
        ],
        [
          [
            1.0000000000000004,
            -1.5326838818138332e-17,
            9.186409405629416e-18
          ],
          [
            1.466518067174066e-17,
            0.9976752812783192,
            0.0681471431993142
          ],
          [
            -1.02095338674316e-17,
            -0.0681471431993142,
            0.9976752812783192
          ]
        ]
      ]
    ],
    [
      [
        "CHI",
        1,
        -1
      ],
      [
        "BB",
        0
      ],
      [
        [
          -0.5303237903406213,
          -0.7949295179685172,
          -1.197314223109831
        ],
        [
          [
            -0.3461869510677075,
            -0.8773526115948196,
            0.3322754728206638
          ],
          [
            -0.5189173692594279,
            0.47413508778214725,
            0.7112810150810235
          ],
          [
            -0.7815877166328294,
            0.07381269173771218,
            -0.6194128895551935
          ]
        ]
      ]
    ],
    [
      [
        "CHI",
        2,
        -1
      ],
      [
        "CHI",
        1
      ],
      [
        [
          0.5985419337196306,
          1.371481138615902,
          6.828850937626042e-17
        ],
        [
          [
            0.39998792683749695,
            -0.9152334564397278,
            0.048552843352692505
          ],
          [
            0.916520408056603,
            0.3994262752859886,
            -0.021189436682472588
          ],
          [
            1.0468397282593929e-16,
            0.05297519065139466,
            0.9985958287392599
          ]
        ]
      ]
    ]
  ],
  "ILE": [
    [
      [
        "PHI",
        1,
        -1
      ],
      [
        "BB",
        0
      ],
      [
        [
          -0.523171887427158,
          1.3658293949852978,
          2.9661819635405115e-16
        ],
        [
          [
            -0.35769990935810075,
            0.4233349631190782,
            0.832369079102639
          ],
          [
            0.933836588941131,
            0.16215564878166822,
            0.31883345295465737
          ],
          [
            1.3359722251488174e-16,
            0.8913433987914899,
            -0.4533287388097461
          ]
        ]
      ]
    ],
    [
      [
        "PSI",
        1,
        -1
      ],
      [
        "BB",
        0
      ],
      [
        [
          1.5302,
          -1.957268451558119e-16,
          -1.4781532430220402e-16
        ],
        [
          [
            0.9999999999999998,
            5.76059724125647e-17,
            -6.529551395156789e-17
          ],
          [
            -8.70390042674035e-17,
            0.6399216694343994,
            -0.768440145351797
          ],
          [
            -2.4827275193783877e-18,
            0.768440145351797,
            0.6399216694343994
          ]
        ]
      ]
    ],
    [
      [
        "CHI",
        1,
        -1
      ],
      [
        "BB",
        0
      ],
      [
        [
          -0.5499564536151439,
          -0.8138241930989087,
          -1.1969881544334355
        ],
        [
          [
            -0.3551772498160321,
            -0.9190379565443028,
            -0.17093377560912848
          ],
          [
            -0.5255904114562833,
            0.04511518086859256,
            0.849540664029927
          ],
          [
            -0.7730484076681968,
            0.391578670111213,
            -0.49906142358992145
          ]
        ]
      ]
    ],
    [
      [
        "CHI",
        2,
        -1
      ],
      [
        "CHI",
        1
      ],
      [
        [
          0.5262232257026954,
          1.4411310685468732,
          -1.157908415208671e-15
        ],
        [
          [
            0.34299519339244927,
            0.380968121962776,
            0.8586137591244575
          ],
          [
            0.9393371584844692,
            -0.13910898071977046,
            -0.3135193680993731
          ],
          [
            -6.716879752319068e-16,
            0.9140634450251591,
            -0.4055712249022827
          ]
        ]
      ]
    ],
    [
      [
        "XI",
        2,
        2
      ],
      [
        "CHI",
        1
      ],
      [
        [
          0.5446287948679028,
          -0.7787062601774052,
          -1.2034581821406407
        ],
        [
          [
            0.3551772498160313,
            -0.9129964239651156,
            -0.2007153482921306
          ],
          [
            -0.5078298292535576,
            -0.3687183546988771,
            0.7785599780546492
          ],
          [
            -0.78482990879134,
            -0.17459755077051903,
            -0.5946071892699524
          ]
        ]
      ]
    ],
    [
      [
        "XI",
        3,
        1
      ],
      [
        "CHI",
        2
      ],
      [
        [
          0.6217005567612066,
          1.392520526858692,
          -1.556217546970121e-16
        ],
        [
          [
            0.40767249623685653,
            -0.9026414887408233,
            -0.13799086424745832
          ],
          [
            0.9131282143335678,
            0.4029906240390237,
            0.06160698925144822
          ],
          [
            3.1752531376719205e-16,
            -0.1511188265584025,
            0.9885156044593385
          ]
        ]
      ]
    ]
  ],
  "LEU": [
    [
      [
        "PHI",
        1,
        -1
      ],
      [
        "BB",
        0
      ],
      [
        [
          -0.5405622098921874,
          1.3585024502136438,
          7.260884188889098e-16
        ],
        [
          [
            -0.3697163052405359,
            0.2740451325983836,
            0.8878114208199966
          ],
          [
            0.9291446892918707,
            0.10904539956058396,
            0.3532693691722872
          ],
          [
            4.271123610116204e-16,
            0.9555147126726029,
            -0.29494344180909166
          ]
        ]
      ]
    ],
    [
      [
        "PSI",
        1,
        -1
      ],
      [
        "BB",
        0
      ],
      [
        [
          1.527500000000001,
          1.7446717828721972e-16,
          -3.941528947389775e-17
        ],
        [
          [
            1.0000000000000004,
            -2.417668062161464e-18,
            -9.021955174695781e-18
          ],
          [
            3.133562263426907e-18,
            0.9967776870387121,
            0.08021373088041765
          ],
          [
            8.798953436303796e-18,
            -0.08021373088041765,
            0.9967776870387121
          ]
        ]
      ]
    ],
    [
      [
        "CHI",
        1,
        -1
      ],
      [
        "BB",
        0
      ],
      [
        [
          -0.5294212964768062,
          -0.7916932245418498,
          -1.2002382134607052
        ],
        [
          [
            -0.3455301504221426,
            -0.9305031607681077,
            0.12154333774342946
          ],
          [
            -0.5167035795208523,
            0.2967708541180221,
            0.8030843486561039
          ],
          [
            -0.7833430449423743,
            0.21468797811387003,
            -0.5833375917886559
          ]
        ]
      ]
    ],
    [
      [
        "CHI",
        2,
        -1
      ],
      [
        "CHI",
        1
      ],
      [
        [
          0.6710148424814775,
          1.3771189822123429,
          -3.3414332623351817e-16
        ],
        [
          [
            0.4380278363349289,
            -0.10520324485164857,
            0.8927843479073909
          ],
          [
            0.8989614088467541,
            0.05126132141411758,
            -0.4350180023069595
          ],
          [
            -1.337826835579532e-16,
            0.9931286695084194,
            0.11702754291378331
          ]
        ]
      ]
    ],
    [
      [
        "XI",
        3,
        1
      ],
      [
        "CHI",
        2
      ],
      [
        [
          0.5309229806535349,
          1.431303024734444,
          -9.949933775084221e-17
        ],
        [
          [
            0.34778133149058976,
            -0.9123487094009889,
            -0.2160277248896111
          ],
          [
            0.9375756745279987,
            0.33842372147606486,
            0.0801326355217298
          ],
          [
            -3.1240876468739514e-16,
            -0.2304109745577235,
            0.973093409084328
          ]
        ]
      ]
    ],
    [
      [
        "XI",
        3,
        2
      ],
      [
        "CHI",
        2
      ],
      [
        [
          0.5369954589490112,
          -0.7767844008874772,
          1.200751277994751
        ],
        [
          [
            0.3515288419409604,
            -0.8872585026238616,
            0.2986633938153635
          ],
          [
            -0.508499869656636,
            -0.4488223802443013,
            -0.7348376375438489
          ],
          [
            0.7860377572628636,
            0.10644632691409947,
            -0.6089448445004401
          ]
        ]
      ]
    ]
  ],
  "LYS": [
    [
      [
        "PHI",
        1,
        -1
      ],
      [
        "BB",
        0
      ],
      [
        [
          -0.540438310780275,
          1.3589822229304402,
          7.990175712414821e-16
        ],
        [
          [
            -0.36953046890959007,
            0.1025587913010593,
            0.9235415133464898
          ],
          [
            0.9292186139695323,
            0.04078544883897853,
            0.3672728068010816
          ],
          [
            4.085676273131242e-16,
            0.9938904574900944,
            -0.11037100393731661
          ]
        ]
      ]
    ],
    [
      [
        "PSI",
        1,
        -1
      ],
      [
        "BB",
        0
      ],
      [
        [
          1.5278000000000007,
          2.6826050830022955e-17,
          7.667162601404813e-18
        ],
        [
          [
            1.0000000000000004,
            -4.058025370338585e-19,
            1.248916021813661e-18
          ],
          [
            4.94960356355567e-19,
            0.9973874933250038,
            -0.07223702761649796
          ],
          [
            -1.2163392512956027e-18,
            0.07223702761649796,
            0.9973874933250038
          ]
        ]
      ]
    ],
    [
      [
        "CHI",
        1,
        -1
      ],
      [
        "BB",
        0
      ],
      [
        [
          -0.5282422505210128,
          -0.789717406964737,
          -1.201420589095003
        ],
        [
          [
            -0.3448731804668103,
            -0.9358498879578374,
            0.0724394685514041
          ],
          [
            -0.5155822987299978,
            0.2533569888280499,
            0.8185261935016342
          ],
          [
            -0.7843706921035476,
            0.24493922393378806,
            -0.5698836670301364
          ]
        ]
      ]
    ],
    [
      [
        "CHI",
        2,
        -1
      ],
      [
        "CHI",
        1
      ],
      [
        [
          0.6177430517743537,
          1.3918740467386066,
          1.5861097090822434e-17
        ],
        [
          [
            0.40566262921877766,
            -0.9015638696372141,
            0.1504008650908639
          ],
          [
            0.9140228833324185,
            0.4001330562231405,
            -0.0667510753637765
          ],
          [
            4.8326771301800486e-17,
            0.1645482491012919,
            0.9863690352589636
          ]
        ]
      ]
    ],
    [
      [
        "CHI",
        3,
        -1
      ],
      [
        "CHI",
        2
      ],
      [
        [
          0.5591017185349553,
          1.4187054938680064,
          -1.665789317144129e-16
        ],
        [
          [
            0.36664812022752663,
            -0.9242783523212333,
            0.1062011457752116
          ],
          [
            0.9303596916965081,
            0.3642515077449456,
            -0.041853114243897094
          ],
          [
            -2.8408063667536345e-17,
            0.11415063090443456,
            0.9934634535120656
          ]
        ]
      ]
    ],
    [
      [
        "CHI",
        4,
        -1
      ],
      [
        "CHI",
        3
      ],
      [
        [
          0.5606034734689234,
          1.4162845708171012,
          -1.6918284877607925e-16
        ],
        [
          [
            0.3680432467626857,
            -0.9257299425897507,
            0.08699564302399374
          ],
          [
            0.9298086730679498,
            0.36642877568777826,
            -0.034435212146508284
          ],
          [
            -2.700719236927559e-17,
            0.09356295068419541,
            0.9956133658500508
          ]
        ]
      ]
    ],
    [
      [
        "XI",
        5,
        1
      ],
      [
        "CHI",
        4
      ],
      [
        [
          0.5533463067039055,
          1.3886089819877845,
          -6.696065043649098e-16
        ],
        [
          [
            0.3701808313512878,
            -0.9286481546877241,
            -0.024057366754391928
          ],
          [
            0.9289597150038693,
            0.3700566777900687,
            0.009586611648952878
          ],
          [
            -4.0303403271519137e-16,
            -0.025897104433954796,
            0.9996646137490001
          ]
        ]
      ]
    ]
  ],
  "MET": [
    [
      [
        "PHI",
        1,
        -1
      ],
      [
        "BB",
        0
      ],
      [
        [
          -0.5401546348379374,
          1.35866455774157,
          2.285392134497496e-16
        ],
        [
          [
            -0.36943754520069577,
            0.4137035131890425,
            0.8320849135581824
          ],
          [
            0.9292555623702685,
            0.1644731724431306,
            0.3308060993246774
          ],
          [
            1.7572625849038287e-17,
            0.8954317275602512,
            -0.4451988558818004
          ]
        ]
      ]
    ],
    [
      [
        "PSI",
        1,
        -1
      ],
      [
        "BB",
        0
      ],
      [
        [
          1.5272000000000017,
          -2.534825055014948e-17,
          -1.1525740484617032e-17
        ],
        [
          [
            1.0000000000000007,
            -4.018622331341743e-19,
            9.546523462581487e-19
          ],
          [
            3.4682386196865514e-19,
            0.9983759397857443,
            0.05696913951371291
          ],
          [
            -9.759956789888573e-19,
            -0.05696913951371291,
            0.9983759397857443
          ]
        ]
      ]
    ],
    [
      [
        "CHI",
        1,
        -1
      ],
      [
        "BB",
        0
      ],
      [
        [
          -0.5289265147732378,
          -0.7940792324149202,
          -1.1981124632592561
        ],
        [
          [
            -0.34534246198304985,
            -0.9370171275601538,
            -0.052320995885064156
          ],
          [
            -0.5184638498399848,
            0.14401767707891014,
            0.8428844197740856
          ],
          [
            -0.7822619895920981,
            0.31821032564596957,
            -0.535544926492352
          ]
        ]
      ]
    ],
    [
      [
        "CHI",
        2,
        -1
      ],
      [
        "CHI",
        1
      ],
      [
        [
          0.6109536275257984,
          1.394212503534906,
          -1.5156826423640363e-16
        ],
        [
          [
            0.4013622569477063,
            -0.902513996379028,
            -0.15613079464922844
          ],
          [
            0.9159193953060736,
            0.39548791779055203,
            0.0684176014184223
          ],
          [
            -1.4662265060013567e-16,
