{
  "ALA": [
    [
      [
        "PHI",
        1,
        -1
      ],
      [
        "BB",
        0
      ],
      [
        [
          -0.5314118304216534,
          1.3620005383581562,
          -2.4054312632111437e-16
        ],
        [
          [
            -0.3634827841461375,
            0.9315640805039119,
            0.008284295037823292
          ],
          [
            0.9316009154296557,
            0.36346841226098653,
            0.0032322838837562833
          ],
          [
            -1.64530182162185e-16,
            0.008892536386143957,
            -0.9999604606166292
          ]
        ]
      ]
    ],
    [
      [
        "PSI",
        1,
        -1
      ],
      [
        "BB",
        0
      ],
      [
        [
          1.5263000000000009,
          1.1105241854891059e-16,
          2.58577019991614e-18
        ],
        [
          [
            1.0000000000000004,
            1.9731433135593793e-20,
            -1.6941428290088786e-18
          ],
          [
            1.9731433135597218e-20,
            0.9997287384090688,
            0.023290547417617123
          ],
          [
            1.6941428290088786e-18,
            -0.023290547417617123,
            0.9997287384090688
          ]
        ]
      ]
    ],
    [
      [
        "XI",
        1,
        1
      ],
      [
        "BB",
        0
      ],
      [
        [
          -0.5260022783033846,
          -0.7742349816074615,
          -1.2073728034351867
        ],
        [
          [
            -0.3443099288495024,
            -0.9377748455104168,
            -0.045044555981429486
          ],
          [
            -0.5067977885759386,
            0.14525811049887122,
            0.8497388321295172
          ],
          [
            -0.7903206149343369,
            0.3154019981899469,
            -0.5252760275775012
          ]
        ]
      ]
    ]
  ],
  "ARG": [
    [
      [
        "PHI",
        1,
        -1
      ],
      [
        "BB",
        0
      ],
      [
        [
          -0.5309941011048822,
          1.3617341240461798,
          -2.3806189470772193e-16
        ],
        [
          [
            -0.3632964566946376,
            0.9316467387423447,
            0.007073806887026716
          ],
          [
            0.9316735933539824,
            0.36328598501729975,
            0.0027583576434181043
          ],
          [
            -1.6287759626965337e-16,
            0.007592580639278696,
            -0.9999711759442053
          ]
        ]
      ]
    ],
    [
      [
        "PSI",
        1,
        -1
      ],
      [
        "BB",
        0
      ],
      [
        [
          1.5261000000000002,
          -7.2185093493194735e-16,
          -1.7240372774997878e-17
        ],
        [
          [
            1.0000000000000002,
            -1.3496423929973127e-19,
            1.1297013809710036e-17
          ],
          [
            -1.3496423929975024e-19,
            0.9997145841302891,
            0.023890380432372797
          ],
          [
            -1.1297013809710036e-17,
            -0.023890380432372797,
            0.9997145841302891
          ]
        ]
      ]
    ],
    [
      [
        "CHI",
        1,
        -1
      ],
      [
        "BB",
        0
      ],
      [
        [
          -0.5229116006519829,
          -0.7807634232070392,
          -1.2100836107003556
        ],
        [
          [
            -0.34130383176815055,
            0.5157991013132192,
            -0.7857881276176513
          ],
          [
            -0.5096034352894975,
            -0.804000803639789,
            -0.30640993209704787
          ],
          [
            -0.7898202537042982,
            0.29586144532711584,
            0.5372615489753843
          ]
        ]
      ]
    ],
    [
      [
        "CHI",
        2,
        -1
      ],
      [
        "CHI",
        1
      ],
      [
        [
          0.6177140556840669,
          1.3906833699337677,
          -5.87358966902589e-16
        ],
        [
          [
            0.4059368178248453,
            0.9139011434144497,
            -4.915496758856059e-16
          ],
          [
            0.9139011434144497,
            -0.40593681782484536,
            -1.970573676918331e-16
          ],
          [
            -3.796290648836448e-16,
            -3.692349700670943e-16,
            -1.0000000000000002
          ]
        ]
      ]
    ],
    [
      [
        "CHI",
        3,
        -1
      ],
      [
        "CHI",
        2
      ],
      [
        [
          0.5653198036815964,
          1.4129008314688627,
          -5.933680046005905e-16
        ],
        [
          [
            0.37148101175029313,
            0.9284405516289015,
            -3.738397341566439e-16
          ],
          [
            0.9284405516289015,
            -0.3714810117502931,
            -3.7553998028527443e-16
          ],
          [
            -4.875409091317377e-16,
            -2.0758199717213745e-16,
            -1.0
          ]
        ]
      ]
    ],
    [
      [
        "CHI",
        4,
        -1
      ],
      [
        "CHI",
        3
      ],
      [
        [
          0.5400318272644749,
          1.3579600824550748,
          -4.939249964276941e-16
        ],
        [
          [
            0.36953046890958996,
            0.9292186139695323,
            -2.1166615781288176e-16
          ],
          [
            0.9292186139695324,
            -0.36953046890959,
            -2.660789610513505e-16
          ],
          [
            -3.2546261794347457e-16,
            -9.835985054286007e-17,
            -1.0
          ]
        ]
      ]
    ]
  ],
  "ASN": [
    [
      [
        "PHI",
        1,
        -1
      ],
      [
        "BB",
        0
      ],
      [
        [
          -0.5411180224043843,
          1.3575276224921418,
          -2.426029170483115e-16
        ],
        [
          [
            -0.37027372547172854,
            0.92889661760405,
            0.006960030821984268
          ],
          [
            0.9289226922759974,
            0.37026333196320216,
            0.0027743067999982758
          ],
          [
            -1.6600719655693969e-16,
            0.00749258348391846,
            -0.9999719302024117
          ]
        ]
      ]
    ],
    [
      [
        "PSI",
        1,
        -1
      ],
      [
        "BB",
        0
      ],
      [
        [
          1.5268000000000013,
          3.8868989523345533e-16,
          9.322124316820346e-18
        ],
        [
          [
            1.0000000000000004,
            7.324902714848359e-20,
            -6.105661721784542e-18
          ],
          [
            7.324902714849283e-20,
            0.9997121900936772,
            0.023990351771162783
          ],
          [
            6.105661721784542e-18,
            -0.023990351771162783,
            0.9997121900936772
          ]
        ]
      ]
    ],
    [
      [
        "CHI",
        1,
        -1
      ],
      [
        "BB",
        0
      ],
      [
        [
          -0.5350825048078923,
          -0.7914810567145112,
          -1.1996555380235587
        ],
        [
          [
            -0.3489061716274731,
            0.5257658424981695,
            -0.7757800991662848
          ],
          [
            -0.5160935424586013,
            -0.79876411652104,
            -0.3092302404211056
          ],
          [
            -0.7822480034060761,
            0.29248276021084174,
            0.5500380860873681
          ]
        ]
      ]
    ],
    [
      [
        "CHI",
        2,
        -1
      ],
      [
        "CHI",
        1
      ],
      [
        [
          0.5852362039950612,
          1.399783706696663,
          -3.91935254832921e-16
        ],
        [
          [
            0.38573438175261104,
            0.9226098778649244,
            2.6353108834310773e-17
          ],
          [
            0.9226098778649244,
            -0.385734381752611,
            -1.0491900965992524e-16
          ],
          [
            -8.663401454459036e-17,
            6.478450784825203e-17,
            -1.0
          ]
        ]
      ]
    ]
  ],
  "ASP": [
    [
      [
        "PHI",
        1,
        -1
      ],
      [
        "BB",
        0
      ],
      [
        [
          -0.5276963998271981,
          1.3633371261758453,
          -2.3849949617973884e-16
        ],
        [
          [
            -0.3609661398366496,
            0.9325420484756484,
            0.008292991997457267
          ],
          [
            0.9325789220711717,
            0.36095186745806274,
            0.0032099045326586945
          ],
          [
            -1.6314350925490045e-16,
            0.008892536386131524,
            -0.9999604606166292
          ]
        ]
      ]
    ],
    [
      [
        "PSI",
        1,
        -1
      ],
      [
        "BB",
        0
      ],
      [
        [
          1.5276000000000012,
          -1.2631943236278226e-33,
          -2.470167040449292e-32
        ],
        [
          [
            1.0000000000000004,
            -3.7779789797342783e-34,
            2.374823881183328e-35
          ],
          [
            3.7713905045506675e-34,
            0.9997264043556874,
            0.023390520174834003
          ],
          [
            -3.2578630751691596e-35,
            -0.023390520174834003,
            0.9997264043556874
          ]
        ]
      ]
    ],
    [
      [
        "CHI",
        1,
        -1
      ],
      [
        "BB",
        0
      ],
      [
        [
          -0.5313838052858181,
          -0.7807404453757482,
          -1.2079257007094621
        ],
        [
          [
            -0.34656218958182866,
            0.5146890689881096,
            -0.7842128607823274
          ],
          [
            -0.5091896206715892,
            -0.8053507715520508,
            -0.3035392313373016
          ],
          [
            -0.7877947568704504,
            0.29411782847129453,
            0.5411784585723625
          ]
        ]
      ]
    ],
    [
      [
        "CHI",
        2,
        -1
      ],
      [
        "CHI",
        1
      ],
      [
        [
          0.5938866546379008,
          1.3984173666838533,
          -2.134292051302439e-16
        ],
        [
          [
            0.39089492176522156,
            0.9204353101322014,
            -1.274466595223778e-20
          ],
          [
            0.9204353101322014,
            -0.3908949217652215,
            1.224562460349542e-16
          ],
          [
            1.1270807097160784e-16,
            -4.7879255354054474e-17,
            -1.0000000000000002
          ]
        ]
      ]
    ]
  ],
  "CYS": [
    [
      [
        "PHI",
        1,
        -1
      ],
      [
        "BB",
        0
      ],
      [
        [
          -0.528861313577914,
          1.3614911204266604,
          -2.443669309468742e-16
        ],
        [
          [
            -0.36208497437896336,
            0.9320228888530292,
            0.015093242959665007
          ],
          [
            0.9321450913505823,
            0.36203750570846754,
            0.005862860343369219
          ],
          [
            -1.6730585440700686e-16,
            0.016191945974629758,
            -0.9998689018494147
          ]
        ]
      ]
    ],
    [
      [
        "PSI",
        1,
        -1
      ],
      [
        "BB",
        0
      ],
      [
        [
          1.5253000000000008,
          3.331709242194113e-16,
          8.323359268302226e-18
        ],
        [
          [
            1.0000000000000002,
            6.819434331884664e-20,
            -5.456867021767841e-18
          ],
          [
            6.819434331885526e-20,
            0.9996876998898507,
            0.02499005179946523
          ],
          [
            5.456867021767841e-18,
            -0.02499005179946523,
            0.9996876998898507
          ]
        ]
      ]
    ],
    [
      [
        "CHI",
        1,
        -1
      ],
      [
        "BB",
        0
      ],
      [
        [
          -0.5212407937077808,
          -0.7763403356808035,
          -1.2122560448065007
        ],
        [
          [
            -0.3404577359293149,
            0.513397415861995,
            -0.787725601610174
          ],
          [
            -0.5070805589032028,
            -0.8057553637949553,
            -0.3059862750158488
          ],
          [
            -0.7918066915783804,
            0.2952649439095079,
            0.5346594954452925
          ]
        ]
      ]
    ],
    [
      [
        "XI",
        2,
        1
      ],
      [
        "CHI",
        1
      ],
      [
        [
          0.7310392376076864,
          1.653834596650455,
          -3.2999907514385634e-16
        ],
        [
          [
            0.4042911390375438,
            0.9133432388795327,
            0.04850569954934678
          ],
          [
            0.9146303487725118,
            -0.40372220195230785,
            -0.021440819831680457
          ],
          [
            -1.9363610937321867e-16,
            0.05303311836792254,
            -0.998592754007446
          ]
        ]
      ]
    ]
  ],
  "GLN": [
    [
      [
        "PHI",
        1,
        -1
      ],
      [
        "BB",
        0
      ],
      [
        [
          -0.5320469142018921,
          1.3612157547899022,
          -2.3954938131824705e-16
        ],
        [
          [
            -0.3640416792349586,
            0.9313415741929686,
            0.008748026037629537
          ],
          [
            0.9313826580840938,
            0.3640256211211587,
            0.003419267109053361
          ],
          [
            -1.6390652159989545e-16,
            0.00939251548404891,
            -0.9999558893535665
          ]
        ]
      ]
    ],
    [
      [
        "PSI",
        1,
        -1
      ],
      [
        "BB",
        0
      ],
      [
        [
          1.5263000000000007,
          2.221069234726755e-16,
          5.260333732841665e-18
        ],
        [
          [
            1.0000000000000004,
            4.082981566144018e-20,
            -3.4464612021501775e-18
          ],
          [
            4.082981566144485e-20,
            0.9997193422120523,
            0.023690437039070842
          ],
          [
            3.4464612021501775e-18,
            -0.023690437039070842,
            0.9997193422120523
          ]
        ]
      ]
    ],
    [
      [
        "CHI",
        1,
        -1
      ],
      [
        "BB",
        0
      ],
      [
        [
          -0.5235217675958006,
          -0.7811848455412126,
          -1.209674351199579
        ],
        [
          [
            -0.3416797856649266,
            0.5165561478834239,
            -0.7851271681401731
          ],
          [
            -0.509845219645746,
            -0.8036696797178778,
            -0.306876030192233
          ],
          [
            -0.7895015997908746,
            0.2954399972684836,
            0.5379613665883897
          ]
        ]
      ]
    ],
    [
      [
        "CHI",
        2,
        -1
      ],
      [
        "CHI",
        1
      ],
      [
        [
          0.6181487144035714,
          1.39278806962194,
          -3.739319300324078e-16
        ],
        [
          [
            0.4056626292187765,
            0.9140228833324193,
            -4.444879977081486e-16
          ],
          [
            0.9140228833324193,
            -0.4056626292187765,
            -1.6656071837564187e-16
          ],
          [
            -3.3255247786610043e-16,
            -3.387047423310247e-16,
            -1.0
          ]
        ]
      ]
    ],
    [
      [
        "CHI",
        3,
        -1
      ],
      [
        "CHI",
        2
      ],
      [
        [
          0.58798730189638,
          1.3992811628863648,
          -6.863962355734968e-16
        ],
        [
          [
            0.3873944537464618,
            0.921914061725105,
            -3.518599381704645e-16
          ],
          [
            0.921914061725105,
            -0.3873944537464618,
            -3.5627318612659355e-16
          ],
          [
            -4.6476184864852295e-16,
            -1.8636636843305408e-16,
            -1.0000000000000002
          ]
        ]
      ]
    ]
  ],
  "GLU": [
    [
      [
        "PHI",
        1,
        -1
      ],
      [
        "BB",
        0
      ],
      [
        [
          -0.5329266960893698,
          1.3606567629623825,
          -2.3574248505708785e-16
        ],
        [
          [
            -0.3646935578521657,
            0.9310490104646704,
            0.012097477996998058
          ],
          [
            0.9311276007406986,
            0.3646627764991541,
            0.004738203752368386
          ],
          [
            -1.6132381102928077e-16,
            0.0129922880466379,
            -0.9999155966636952
          ]
        ]
      ]
    ],
    [
      [
        "PSI",
        1,
        -1
      ],
      [
        "BB",
        0
      ],
      [
        [
          1.5266000000000006,
          -5.552620927445527e-17,
          -1.2928850999578057e-18
        ],
        [
          [
            1.0000000000000002,
            -9.863777805198533e-21,
            8.469049521535417e-19
          ],
          [
            -9.863777805200245e-21,
            0.999728738409069,
            0.023290547417607593
          ],
          [
            -8.469049521535417e-19,
            -0.023290547417607593,
            0.999728738409069
          ]
        ]
      ]
    ],
    [
      [
        "CHI",
        1,
        -1
      ],
      [
        "BB",
        0
      ],
      [
        [
          -0.5241589170806654,
          -0.7818894257211984,
          -1.2097033502434391
        ],
        [
          [
            -0.3419617152144215,
            0.5172356659597004,
            -0.7845568501943224
          ],
          [
            -0.5101053142753119,
            -0.8033477761757535,
            -0.3072863792320726
          ],
          [
            -0.7892114758895087,
            0.29512644133099486,
            0.5385588453935248
          ]
        ]
      ]
    ],
    [
      [
        "CHI",
        2,
        -1
      ],
      [
        "CHI",
        1
      ],
      [
        [
          0.6197147057389892,
          1.3914352027639794,
          -1.6757366465454613e-16
        ],
        [
          [
            0.4068505158475509,
            0.9134947497137473,
            -2.2017536159697355e-16
          ],
          [
            0.9134947497137473,
            -0.4068505158475509,
            -2.049936251161433e-17
          ],
          [
            -1.0830451946948826e-16,
            -1.9278886062276494e-16,
            -1.0
          ]
        ]
      ]
    ],
    [
      [
        "CHI",
        3,
        -1
      ],
      [
        "CHI",
        2
      ],
      [
        [
          0.5994474617521216,
          1.3978926069619724,
          -3.941678101402669e-16
        ],
        [
          [
            0.3941140445444589,
            0.919061543038772,
            -9.36134876478186e-17
          ],
          [
            0.919061543038772,
            -0.394114044544459,
            -1.841788249974345e-16
          ],
          [
            -2.0616606533800469e-16,
            -1.3449094767660142e-17,
            -1.0
          ]
        ]
      ]
    ]
  ],
  "GLY": [
    [
      [
        "PHI",
        1,
        -1
      ],
      [
        "BB",
        0
      ],
      [
        [
          -0.585198040821596,
          1.3339858106511349,
          -2.36970091882004e-16
        ],
        [
          [
            -0.4017285925870773,
            0.9157257527060686,
            0.007777128577450704
          ],
          [
            0.9157587771340258,
            0.4017141053036404,
            0.003411700762034402
          ],
          [
            -1.6267597438182478e-16,
            0.008492551501160682,
            -0.9999639376342531
          ]
        ]
      ]
    ],
    [
      [
        "PSI",
        1,
        -1
      ],
      [
        "BB",
        0
      ],
      [
        [
          1.517700000000001,
          1.6656910606101597e-16,
          3.445773150859693e-18
        ],
        [
          [
            1.0000000000000002,
            2.349105043316386e-20,
            -2.2703914810963037e-18
          ],
          [
            2.3491050433168445e-20,
            0.9997859146828965,
            0.020691176904287633
          ],
          [
            2.2703914810963037e-18,
            -0.020691176904287633,
            0.9997859146828965
          ]
        ]
      ]
    ]
  ],
  "HSD": [
    [
      [
        "PHI",
        1,
        -1
      ],
      [
        "BB",
        0
      ],
      [
        [
          -0.5327371236068013,
          1.3613753219193998,
          -2.4171812137385693e-16
        ],
        [
          [
            -0.3644142031649232,
            0.9312086921568327,
            0.007256733647847138
          ],
          [
            0.9312369669056713,
            0.36440313861268364,
            0.0028397249076646714
          ],
          [
            -1.6534518186870313e-16,
            0.007792574721297703,
            -0.9999696374286637
          ]
        ]
      ]
    ],
    [
      [
        "PSI",
        1,
        -1
      ],
      [
        "BB",
        0
      ],
      [
        [
          1.5258000000000007,
          5.552766502291144e-17,
          1.3539300079584985e-18
        ],
        [
          [
            1.0000000000000004,
            1.0823038179031945e-20,
            -8.873574570444885e-19
          ],
          [
            1.0823038179031373e-20,
            0.9997025139762505,
            0.024390234717310173
          ],
          [
            8.873574570444885e-19,
            -0.024390234717310173,
            0.9997025139762505
          ]
        ]
      ]
    ],
    [
      [
        "CHI",
        1,
        -1
      ],
      [
        "BB",
        0
      ],
      [
        [
          -0.5268195052692297,
          -0.781719758167081,
          -1.2089104303293468
        ],
        [
          [
            -0.34365264531587064,
            0.5172086873370012,
            -0.7838354630345202
          ],
          [
            -0.509928087519296,
            -0.8036718432107323,
            -0.3067326425230571
          ],
          [
            -0.7885912787536506,
            0.29429023458721876,
            0.5399231916673725
          ]
        ]
      ]
    ],
    [
      [
        "CHI",
        2,
        -1
      ],
      [
        "CHI",
        1
      ],
      [
        [
          0.5995018237954902,
          1.3710618232836485,
          -2.2639709227429844e-16
        ],
        [
          [
            0.4006293930737036,
            -4.300528766457684e-16,
            0.9162401919831917
          ],
          [
            0.9162401919831917,
            3.167101445011034e-16,
            -0.4006293930737036
          ],
          [
            -1.0831069647851332e-16,
            1.0,
            4.719811048130442e-16
          ]
        ]
      ]
    ]
  ],
  "HSE": [
    [
      [
        "PHI",
        1,
        -1
      ],
      [
        "BB",
        0
      ],
      [
        [
          -0.5327371236068013,
          1.3613753219193998,
          -2.4171812137385693e-16
        ],
        [
          [
            -0.3644142031649232,
            0.9312086921568327,
            0.007256733647847138
          ],
          [
            0.9312369669056713,
            0.36440313861268364,
            0.0028397249076646714
          ],
          [
            -1.6534518186870313e-16,
            0.007792574721297703,
            -0.9999696374286637
          ]
        ]
      ]
    ],
    [
      [
        "PSI",
        1,
        -1
      ],
      [
        "BB",
        0
      ],
      [
        [
          1.5258000000000007,
          5.552766502291144e-17,
          1.3539300079584985e-18
        ],
        [
          [
            1.0000000000000004,
            1.0823038179031945e-20,
            -8.873574570444885e-19
          ],
          [
            1.0823038179031373e-20,
            0.9997025139762505,
            0.024390234717310173
          ],
          [
            8.873574570444885e-19,
            -0.024390234717310173,
            0.9997025139762505
          ]
        ]
      ]
    ],
    [
      [
        "CHI",
        1,
        -1
      ],
      [
        "BB",
        0
      ],
      [
        [
          -0.5268195052692297,
          -0.781719758167081,
          -1.2089104303293468
        ],
        [
          [
            -0.34365264531587064,
            0.5172086873370012,
            -0.7838354630345202
          ],
          [
            -0.509928087519296,
            -0.8036718432107323,
            -0.3067326425230571
          ],
          [
            -0.7885912787536506,
            0.29429023458721876,
            0.5399231916673725
          ]
        ]
      ]
    ],
    [
      [
        "CHI",
        2,
        -1
      ],
      [
        "CHI",
        1
      ],
      [
        [
          0.5995018237954902,
          1.3710618232836485,
          -2.2639709227429844e-16
        ],
        [
          [
            0.4006293930737036,
            -4.300528766457684e-16,
            0.9162401919831917
          ],
          [
            0.9162401919831917,
            3.167101445011034e-16,
            -0.4006293930737036
          ],
          [
            -1.0831069647851332e-16,
            1.0,
            4.719811048130442e-16
          ]
        ]
      ]
    ]
  ],
  "ILE": [
    [
      [
        "PHI",
        1,
        -1
      ],
      [
        "BB",
        0
      ],
      [
        [
          -0.49795714160189797,
          1.3739463763654192,
          -2.3979629550498876e-16
        ],
        [
          [
            -0.3407397985506351,
            0.9401312508339523,
            0.00704420961222457
          ],
          [
            0.9401576408686326,
            0.3407302340534595,
            0.0025530213869240535
          ],
          [
            -1.6408669461132512e-16,
            0.00749258348388916,
            -0.9999719302024118
          ]
        ]
      ]
    ],
    [
      [
        "PSI",
        1,
        -1
      ],
      [
        "BB",
        0
      ],
      [
        [
          1.527500000000001,
          -2.7763968459401995e-16,
          -6.825144541468882e-18
        ],
        [
          [
            1.0000000000000004,
            -5.494496741766699e-20,
            4.468179732549289e-18
          ],
          [
            -5.494496741767204e-20,
            0.9996976159352895,
            0.024590174730967782
          ],
          [
            -4.468179732549289e-18,
            -0.024590174730967782,
            0.9996976159352895
          ]
        ]
      ]
    ],
    [
      [
        "CHI",
        1,
        -1
      ],
      [
        "BB",
        0
      ],
      [
        [
          -0.5364927905955262,
          -0.7978646401016656,
          -1.214873652572343
        ],
        [
          [
            -0.34628076589138723,
            0.5024349808961396,
            -0.7922428422810587
          ],
          [
            -0.5149839541093821,
            -0.8076801070130096,
            -0.28713127963584795
          ],
          [
            -0.7841435826323777,
            0.3085643121090795,
            0.5384300391964684
          ]
        ]
      ]
    ],
    [
      [
        "CHI",
        2,
        -1
      ],
      [
        "CHI",
        1
      ],
      [
        [
          0.5400363856835718,
          1.435584599436001,
          -4.246813499875423e-16
        ],
        [
          [
            0.3520904848634582,
            0.9359659665119322,
            -3.1698577260898885e-16
          ],
          [
            0.9359659665119322,
            -0.3520904848634582,
            -9.696434377258465e-17
          ],
          [
            -2.0236300010901917e-16,
            -2.625476722171474e-16,
            -1.0000000000000002
          ]
        ]
      ]
    ],
    [
      [
        "XI",
        2,
        2
      ],
      [
        "CHI",
        1
      ],
      [
        [
          0.5391131524576371,
          -0.7898254456526215,
          -1.1974065868562884
        ],
        [
          [
            0.35180967923364453,
            0.9253010063101785,
            -0.14159095069562547
          ],
          [
            -0.5154172837722665,
            0.0652175125501559,
            -0.8544540360052079
          ],
          [
            -0.781392969757432,
            0.3735836235411572,
            0.49986028351482353
          ]
        ]
      ]
    ],
    [
      [
        "XI",
        3,
        1
      ],
      [
        "CHI",
        2
      ],
      [
        [
          0.6194128554546371,
          1.3911317531051968,
          -7.999644289135763e-16
        ],
        [
          [
            0.4067591643384794,
            0.9120931568793627,
            -0.051313306271386826
          ],
          [
            0.9135354301977908,
            -0.4061169802804133,
            0.02284767168129875
          ],
          [
            -6.236166193921622e-16,
            -0.05617002315966735,
            -0.9984212179727769
          ]
        ]
      ]
    ]
  ],
  "LEU": [
    [
      [
        "PHI",
        1,
        -1
      ],
      [
        "BB",
        0
      ],
      [
        [
          -0.529450919409959,
          1.3617984189798242,
          -2.4117591688941535e-16
        ],
        [
          [
            -0.362364601608349,
            0.9319987382911116,
            0.00838136772842835
          ],
          [
            0.9320364239133698,
            0.36234994988965474,
            0.003258575416068866
          ],
          [
            -1.6506462041572474e-16,
            0.008992532387561836,
            -0.9999595663631899
          ]
        ]
      ]
    ],
    [
      [
        "PSI",
        1,
        -1
      ],
      [
        "BB",
        0
      ],
      [
        [
          1.5256000000000014,
          -1.1105267768089104e-15,
          -2.5968694056059062e-17
        ],
        [
          [
            1.0000000000000004,
            -1.9910342406487458e-19,
            1.702195467754323e-17
          ],
          [
            -1.9910342406490217e-19,
            0.9997264043556874,
            0.023390520174834003
          ],
          [
            -1.702195467754323e-17,
            -0.023390520174834003,
            0.9997264043556874
          ]
        ]
      ]
    ],
    [
      [
        "CHI",
        1,
        -1
      ],
      [
        "BB",
        0
      ],
      [
        [
          -0.5184359223993149,
          -0.7760450806581038,
          -1.2155387600370182
        ],
        [
          [
            -0.3382942397385417,
            0.5128842839460139,
            -0.7889909496571598
          ],
          [
            -0.5063915697605895,
            -0.8058981771959094,
            -0.30675023401411966
          ],
          [
            -0.7931737422753784,
            0.2957665283183608,
            0.5323509888141247
          ]
        ]
      ]
    ],
    [
      [
        "CHI",
        2,
        -1
      ],
      [
        "CHI",
        1
      ],
      [
        [
          0.682658149603851,
          1.3706025283718994,
          -4.3515779285403506e-16
        ],
        [
          [
            0.4458321248718986,
            0.8951165937643026,
            -5.139207998638427e-16
          ],
          [
            0.8951165937643026,
            -0.4458321248718986,
            -1.9570437161294934e-16
          ],
          [
            -4.0430063272212934e-16,
            -3.7276773999582806e-16,
            -0.9999999999999998
          ]
        ]
      ]
    ],
    [
      [
        "XI",
        3,
        1
      ],
      [
        "CHI",
        2
      ],
      [
        [
          0.5267212823313241,
          1.4309366620291928,
          -3.648302325378056e-16
        ],
        [
          [
            0.34543630792977686,
            0.9374234269151432,
            0.04371585335452667
          ],
          [
            0.9384421970285891,
            -0.3450613032808681,
            -0.016091606950968895
          ],
          [
            -5.205798629779763e-16,
            0.04658342676080143,
            -0.9989144029150957
          ]
        ]
      ]
    ],
    [
      [
        "XI",
        3,
        2
      ],
      [
        "CHI",
        2
      ],
      [
        [
          0.5388976695022827,
          -0.7746933079160798,
          1.1988327950448516
        ],
        [
          [
            0.3532133902485951,
            0.9353886697617799,
            0.016980501476136365
          ],
          [
            -0.5077625404182208,
            0.17642925732444986,
            0.8432377598921771
          ],
          [
            0.7857591892540156,
            -0.3064649305242452,
            0.5372725033552723
          ]
        ]
      ]
    ]
  ],
  "LYS": [
    [
      [
        "PHI",
        1,
        -1
      ],
      [
        "BB",
        0
      ],
      [
        [
          -0.5320833183698161,
          1.3613088930557102,
          -2.424911836896831e-16
        ],
        [
          [
            -0.364041679234959,
            0.9313389078748256,
            0.009027428112034983
          ],
          [
            0.9313826580840933,
            0.36402457895988904,
            0.003528474639884485
          ],
          [
            -1.659080348177909e-16,
            0.009692501823691729,
            -0.9999530266009486
          ]
        ]
      ]
    ],
    [
      [
        "PSI",
        1,
        -1
      ],
      [
        "BB",
        0
      ],
      [
        [
          1.5265000000000004,
          7.773579767652125e-16,
          1.771191650073337e-17
        ],
        [
          [
            1.0000000000000004,
            1.322368343284791e-19,
            -1.1602958729599714e-17
          ],
          [
            1.3223683432849668e-19,
            0.9997402587162028,
            0.022790680157920795
          ],
          [
            1.1602958729599714e-17,
            -0.022790680157920795,
            0.9997402587162028
          ]
        ]
      ]
    ],
    [
      [
        "CHI",
        1,
        -1
      ],
      [
        "BB",
        0
      ],
      [
        [
          -0.5234802420455609,
          -0.7816081769354014,
          -1.209798885739131
        ],
        [
          [
            -0.3415858023135798,
            0.5166343844335783,
            -0.7851165852780887
          ],
          [
            -0.5100216488974885,
            -0.8035593061355941,
            -0.3068718937582432
          ],
          [
            -0.789428310433364,
            0.2956033733633992,
            0.5379791709188229
          ]
        ]
      ]
    ],
    [
      [
        "CHI",
        2,
        -1
      ],
      [
        "CHI",
        1
      ],
      [
        [
          0.6209667462679791,
          1.3908768960728901,
          -2.673658977111522e-16
        ],
        [
          [
            0.40767249623685625,
            0.9131282143335682,
            -3.3591970929188857e-16
          ],
          [
            0.9131282143335682,
            -0.4076724962368563,
            -9.543953084817895e-17
          ],
          [
            -2.2409375480241443e-16,
            -2.6782969252460197e-16,
            -1.0000000000000002
          ]
        ]
      ]
    ],
    [
      [
        "CHI",
        3,
        -1
      ],
      [
        "CHI",
        2
      ],
      [
        [
          0.5605041339834127,
          1.4168616043169164,
          -6.780296837122809e-16
        ],
        [
          [
            0.3678572776684468,
            0.929882263120638,
            -4.471314405085104e-16
          ],
          [
            0.929882263120638,
            -0.3678572776684467,
            -4.2642884532909277e-16
          ],
          [
            -5.61009174219969e-16,
            -2.5891464165038527e-16,
            -1.0
          ]
        ]
      ]
    ],
    [
      [
        "CHI",
        4,
        -1
      ],
      [
        "CHI",
        3
      ],
      [
        [
          0.5600843386346066,
          1.4174577043482586,
          -4.996359197103229e-16
        ],
        [
          [
            0.3674852953445355,
            0.9300293316372016,
            -3.6972561787387816e-16
          ],
          [
            0.9300293316372015,
            -0.36748529534453545,
            -3.7391577079740574e-16
          ],
          [
            -4.836213622841433e-16,
            -2.0644712181493002e-16,
            -1.0
          ]
        ]
      ]
    ],
    [
      [
        "XI",
        5,
        1
      ],
      [
        "CHI",
        4
      ],
      [
        [
          0.5558348853182572,
          1.3871838163211252,
          1.910810515162495e-16
        ],
        [
          [
            0.3719451855716387,
            0.9282537902356857,
            0.0012960876369377484
          ],
          [
            0.928254695075699,
            -0.3719448230085528,
            -0.0005193332812592382
          ],
          [
            -3.8944110312754916e-17,
            0.0013962629478885288,
            -0.9999990252244149
          ]
        ]
      ]
    ]
  ],
  "MET": [
    [
      [
        "PHI",
        1,
        -1
      ],
      [
        "BB",
        0
      ],
      [
        [
          -0.5299837769984873,
          1.3643807702098476,
          -2.420818290781109e-16
        ],
        [
          [
            -0.3620849743789624,
            0.9321122629618299,
            0.007823079007827943
          ],
          [
            0.9321450913505828,
            0.3620722224303539,
            0.003038818085722726
          ],
          [
            -1.6539033208861858e-16,
            0.008392555065105846,
            -0.999964781889582
          ]
        ]
      ]
    ],
    [
      [
        "PSI",
        1,
        -1
      ],
      [
        "BB",
        0
      ],
      [
        [
          1.5257000000000014,
          -7.218596452978488e-16,
          -1.7601090103459668e-17
        ],
        [
          [
            1.0000000000000004,
            -1.407087182908503e-19,
            1.1536403030386209e-17
          ],
          [
            -1.4070871829086888e-19,
            0.9997025139762505,
            0.024390234717310173
          ],
          [
            -1.1536403030386209e-17,
            -0.024390234717310173,
            0.9997025139762505
          ]
        ]
      ]
    ],
    [
      [
        "CHI",
        1,
        -1
      ],
      [
        "BB",
        0
      ],
      [
        [
          -0.5211831021298018,
          -0.7780740992675542,
          -1.2125589800514207
        ],
        [
          [
            -0.3401756426667986,
            0.513756463315791,
            -0.7876133750371952
          ],
          [
            -0.5078481164855781,
            -0.8052883746008068,
            -0.30594268142062464
          ],
          [
            -0.7914359245815682,
            0.29591372076002415,
            0.5348497425891475
          ]
        ]
      ]
    ],
    [
      [
        "CHI",
        2,
        -1
      ],
      [
        "CHI",
        1
