{
  "ALA": [
    [
      [
        "PHI",
        1,
        -1
      ],
      [
        "BB",
        0
      ],
      [
        [
          -0.6037295630179138,
          1.328448438870774,
          -2.4563093689336023e-16
        ],
        [
          [
            -0.4137401062348642,
            0.9103950376033272,
            -5.684136790283799e-17
          ],
          [
            0.9103950376033272,
            0.4137401062348642,
            -2.1073286919336221e-16
          ],
          [
            -1.6833260477889283e-16,
            -1.389367389565682e-16,
            -1.0000000000000002
          ]
        ]
      ]
    ],
    [
      [
        "PSI",
        1,
        -1
      ],
      [
        "BB",
        0
      ],
      [
        [
          1.5389999999999993,
          3.885780586188048e-16,
          -2.2015041058773754e-31
        ],
        [
          [
            1.0,
            0.0,
            0.0
          ],
          [
            0.0,
            1.0,
            0.0
          ],
          [
            0.0,
            0.0,
            1.0
          ]
        ]
      ]
    ],
    [
      [
        "XI",
        1,
        1
      ],
      [
        "BB",
        0
      ],
      [
        [
          -0.5563393033799128,
          -0.7905118891505565,
          -1.2066493867840709
        ],
        [
          [
            -0.3598339715283053,
            -0.9319418776708356,
            -0.044764378444523995
          ],
          [
            -0.5112941524807942,
            0.1568297651295717,
            0.8449749785693953
          ],
          [
            -0.7804471811552103,
            0.3269384673187927,
            -0.5329291097454948
          ]
        ]
      ]
    ]
  ],
  "ARG": [
    [
      [
        "PHI",
        1,
        -1
      ],
      [
        "BB",
        0
      ],
      [
        [
          -0.4940931637328849,
          1.3679003273456825,
          -2.4181016375542475e-16
        ],
        [
          [
            -0.33972302236859553,
            0.9405255276029177,
            -5.1079956003695135e-17
          ],
          [
            0.9405255276029177,
            0.3397230223685955,
            -1.9522505805581332e-16
          ],
          [
            -1.66261113693224e-16,
            -1.1436444933511464e-16,
            -1.0
          ]
        ]
      ]
    ],
    [
      [
        "PSI",
        1,
        -1
      ],
      [
        "BB",
        0
      ],
      [
        [
          1.5226999999999993,
          2.7755575615628914e-16,
          -2.065540998532686e-31
        ],
        [
          [
            1.0,
            0.0,
            0.0
          ],
          [
            0.0,
            1.0,
            0.0
          ],
          [
            0.0,
            0.0,
            1.0
          ]
        ]
      ]
    ],
    [
      [
        "CHI",
        1,
        -1
      ],
      [
        "BB",
        0
      ],
      [
        [
          -0.589125543531989,
          -0.7973319761837557,
          -1.198265351962181
        ],
        [
          [
            -0.3788101488760216,
            0.5063267017140978,
            -0.7746845436949483
          ],
          [
            -0.5126877418877026,
            -0.8116968988830372,
            -0.2798203417583319
          ],
          [
            -0.7704895524448178,
            0.29117248406225527,
            0.5670665164673371
          ]
        ]
      ]
    ],
    [
      [
        "CHI",
        2,
        -1
      ],
      [
        "CHI",
        1
      ],
      [
        [
          0.6771653164229811,
          1.39147525462502,
          -2.3849509112428656e-16
        ],
        [
          [
            0.4375866341990184,
            0.8991762550080904,
            -1.5875972456739944e-16
          ],
          [
            0.8991762550080904,
            -0.4375866341990184,
            -2.2176511244982778e-16
          ],
          [
            -2.688770568238957e-16,
            -4.5711525442943183e-17,
            -0.9999999999999999
          ]
        ]
      ]
    ],
    [
      [
        "CHI",
        3,
        -1
      ],
      [
        "CHI",
        2
      ],
      [
        [
          0.6259689304582102,
          1.405289101253192,
          -6.502384237198197e-16
        ],
        [
          [
            0.4068960806410622,
            0.9134744547927665,
            -4.052438836828339e-16
          ],
          [
            0.9134744547927665,
            -0.4068960806410622,
            -3.8558285957204515e-16
          ],
          [
            -5.171122403993175e-16,
            -2.1328778138304173e-16,
            -1.0
          ]
        ]
      ]
    ],
    [
      [
        "CHI",
        4,
        -1
      ],
      [
        "CHI",
        3
      ],
      [
        [
          0.441809425017427,
          1.4370163506257574,
          -3.5336407186483547e-16
        ],
        [
          [
            0.2938735034039026,
            0.9558443199585991,
            -1.5367191386490028e-17
          ],
          [
            0.955844319958599,
            -0.29387350340390256,
            -1.3381713636573339e-16
          ],
          [
            -1.324243600785377e-16,
            2.4636668078782686e-17,
            -1.0
          ]
        ]
      ]
    ]
  ],
  "ASN": [
    [
      [
        "PHI",
        1,
        -1
      ],
      [
        "BB",
        0
      ],
      [
        [
          -0.3811696094160984,
          1.400039545462048,
          -2.4391281216952116e-16
        ],
        [
          [
            -0.2626944241323903,
            0.9648790802633004,
            -4.9936193912157187e-17
          ],
          [
            0.9648790802633003,
            0.2626944241323903,
            -1.878139603635022e-16
          ],
          [
            -1.6809980163302638e-16,
            -9.752006901552582e-17,
            -1.0000000000000002
          ]
        ]
      ]
    ],
    [
      [
        "PSI",
        1,
        -1
      ],
      [
        "BB",
        0
      ],
      [
        [
          1.5244999999999995,
          3.885780586188048e-16,
          -1.7084660401142428e-31
        ],
        [
          [
            1.0,
            0.0,
            0.0
          ],
          [
            0.0,
            1.0,
            0.0
          ],
          [
            0.0,
            0.0,
            1.0
          ]
        ]
      ]
    ],
    [
      [
        "CHI",
        1,
        -1
      ],
      [
        "BB",
        0
      ],
      [
        [
          -0.6115996291664971,
          -0.744517413192644,
          -1.2303133767688377
        ],
        [
          [
            -0.3913736668372031,
            0.43073488137663984,
            -0.8131999230643433
          ],
          [
            -0.4764301613826348,
            -0.8508800537147517,
            -0.22139881552370094
          ],
          [
            -0.7872997867593504,
            0.3007833043169669,
            0.5382271357083813
          ]
        ]
      ]
    ],
    [
      [
        "CHI",
        2,
        -1
      ],
      [
        "CHI",
        1
      ],
      [
        [
          0.6303988459471656,
          1.3961786794778381,
          -2.066713357973303e-16
        ],
        [
          [
            0.41151435860510854,
            0.9114032766354454,
            -2.3785453876440724e-16
          ],
          [
            0.9114032766354454,
            -0.41151435860510854,
            -3.1116050363291595e-17
          ],
          [
            -1.2623982821800652e-16,
            -2.0397670448491915e-16,
            -1.0
          ]
        ]
      ]
    ]
  ],
  "ASP": [
    [
      [
        "PHI",
        1,
        -1
      ],
      [
        "BB",
        0
      ],
      [
        [
          -0.39039551288696256,
          1.3954183399675262,
          -2.454757497986883e-16
        ],
        [
          [
            -0.26942409446995325,
            0.9630216286870437,
            -5.147431983948528e-17
          ],
          [
            0.9630216286870437,
            0.26942409446995325,
            -1.9031647047086402e-16
          ],
          [
            -1.69410455347611e-16,
            -1.0084672604670899e-16,
            -1.0000000000000002
          ]
        ]
      ]
    ],
    [
      [
        "PSI",
        1,
        -1
      ],
      [
        "BB",
        0
      ],
      [
        [
          1.5314999999999999,
          1.6653345369377348e-16,
          -4.5046369389859983e-32
        ],
        [
          [
            1.0,
            0.0,
            0.0
          ],
          [
            0.0,
            1.0,
            0.0
          ],
          [
            0.0,
            0.0,
            1.0
          ]
        ]
      ]
    ],
    [
      [
        "CHI",
        1,
        -1
      ],
      [
        "BB",
        0
      ],
      [
        [
          -0.6377713460696861,
          -0.7624868124411815,
          -1.204737805908717
        ],
        [
          [
            -0.40833046038138565,
            0.44642004299624466,
            -0.7962257094165933
          ],
          [
            -0.4881790207063072,
            -0.8438361027390059,
            -0.22275968094894807
          ],
          [
            -0.7713283858817571,
            0.2977411240078827,
            0.5624968837314267
          ]
        ]
      ]
    ],
    [
      [
        "CHI",
        2,
        -1
      ],
      [
        "CHI",
        1
      ],
      [
        [
          0.5848206220236887,
          1.4049413084025348,
          -1.8635946282011008e-16
        ],
        [
          [
            0.3842953226598032,
            0.9232102171129812,
            -2.0281892096462077e-16
          ],
          [
            0.9232102171129811,
            -0.38429532265980326,
            -1.2798725944784675e-17
          ],
          [
            -8.975827723186627e-17,
            -1.8232600954178272e-16,
            -1.0
          ]
        ]
      ]
    ]
  ],
  "CYS": [
    [
      [
        "PHI",
        1,
        -1
      ],
      [
        "BB",
        0
      ],
      [
        [
          -0.3979009820297679,
          1.3977681132790751,
          -2.4417882594201073e-16
        ],
        [
          [
            -0.2737913589966064,
            0.961789109804635,
            -5.023161174861722e-17
          ],
          [
            0.961789109804635,
            0.2737913589966064,
            -1.8899131485122167e-16
          ],
          [
            -1.6801680722632e-16,
            -1.0005640607942604e-16,
            -1.0000000000000004
          ]
        ]
      ]
    ],
    [
      [
        "PSI",
        1,
        -1
      ],
      [
        "BB",
        0
      ],
      [
        [
          1.5201999999999998,
          -3.885780586188048e-16,
          1.954985072995809e-31
        ],
        [
          [
            1.0,
            0.0,
            0.0
          ],
          [
            0.0,
            1.0,
            0.0
          ],
          [
            0.0,
            0.0,
            1.0
          ]
        ]
      ]
    ],
    [
      [
        "CHI",
        1,
        -1
      ],
      [
        "BB",
        0
      ],
      [
        [
          -0.5832825062361757,
          -0.7613036802345873,
          -1.2283357783522073
        ],
        [
          [
            -0.37428292237947614,
            0.44221595944576464,
            -0.815081185665907
          ],
          [
            -0.4885162219164443,
            -0.8411390018021612,
            -0.23202818917482274
          ],
          [
            -0.7882031431931508,
            0.3113361926579143,
            0.5308536335014689
          ]
        ]
      ]
    ],
    [
      [
        "XI",
        2,
        1
      ],
      [
        "CHI",
        1
      ],
      [
        [
          0.7429204877872743,
          1.6788680587901827,
          -1.6296885631979397e-16
        ],
        [
          [
            0.4046628290142571,
            0.9131790829796956,
            0.04849698158175299
          ],
          [
            0.9144659615393996,
            -0.40409336886979086,
            -0.021460531710210742
          ],
          [
            -1.5851432220001658e-16,
            0.05303311836792034,
            -0.9985927540074457
          ]
        ]
      ]
    ]
  ],
  "GLN": [
    [
      [
        "PHI",
        1,
        -1
      ],
      [
        "BB",
        0
      ],
      [
        [
          -0.4136916119536666,
          1.390359525518193,
          -2.4374328326209026e-16
        ],
        [
          [
            -0.28518655173973967,
            0.9584720291728899,
            -5.065031642292954e-17
          ],
          [
            0.9584720291728899,
            0.28518655173973967,
            -1.903801782567005e-16
          ],
          [
            -1.680292866828143e-16,
            -1.028407781167596e-16,
            -1.0
          ]
        ]
      ]
    ],
    [
      [
        "PSI",
        1,
        -1
      ],
      [
        "BB",
        0
      ],
      [
        [
          1.5180000000000002,
          5.551115123125782e-17,
          -3.1450058655391076e-32
        ],
        [
          [
            1.0,
            0.0,
            0.0
          ],
          [
            0.0,
            1.0,
            0.0
          ],
          [
            0.0,
            0.0,
            1.0
          ]
        ]
      ]
    ],
    [
      [
        "CHI",
        1,
        -1
      ],
      [
        "BB",
        0
      ],
      [
        [
          -0.574008534913509,
          -0.7632189880218285,
          -1.2256856930589448
        ],
        [
          [
            -0.3694224063029405,
            0.4514115628068469,
            -0.8122528465235597
          ],
          [
            -0.4911951267999923,
            -0.8368501003754093,
            -0.24168007139523798
          ],
          [
            -0.7888310548712474,
            0.30969260641149915,
            0.530882337627433
          ]
        ]
      ]
    ],
    [
      [
        "CHI",
        2,
        -1
      ],
      [
        "CHI",
        1
      ],
      [
        [
          0.6692453138736543,
          1.40184245543433,
          -1.1818032858718253e-16
        ],
        [
          [
            0.4308261322734999,
            0.9024349526421594,
            2.2296445810098038e-17
          ],
          [
            0.9024349526421594,
            -0.4308261322734999,
            1.3652724947848312e-16
          ],
          [
            1.3281285342928947e-16,
            -3.869841482402978e-17,
            -1.0
          ]
        ]
      ]
    ],
    [
      [
        "CHI",
        3,
        -1
      ],
      [
        "CHI",
        2
      ],
      [
        [
          0.5862710183833176,
          1.4153834438072912,
          -6.498580259635115e-16
        ],
        [
          [
            0.3826834323650896,
            0.9238795325112868,
            -4.2848028402727747e-16
          ],
          [
            0.9238795325112868,
            -0.38268343236508956,
            -4.0876605247135597e-16
          ],
          [
            -5.416228952560476e-16,
            -2.394361685033577e-16,
            -1.0
          ]
        ]
      ]
    ]
  ],
  "GLU": [
    [
      [
        "PHI",
        1,
        -1
      ],
      [
        "BB",
        0
      ],
      [
        [
          -0.4308248864457991,
          1.3857746415701813,
          -2.445705733640798e-16
        ],
        [
          [
            -0.29687492175151536,
            0.9549163737390998,
            -5.1586359874745386e-17
          ],
          [
            0.9549163737390999,
            0.2968749217515153,
            -1.9252427703322034e-16
          ],
          [
            -1.6852988793004402e-16,
            -1.0641628938549633e-16,
            -1.0000000000000002
          ]
        ]
      ]
    ],
    [
      [
        "PSI",
        1,
        -1
      ],
      [
        "BB",
        0
      ],
      [
        [
          1.5216,
          3.3306690738754696e-16,
          -1.6404844864418981e-31
        ],
        [
          [
            1.0,
            0.0,
            0.0
          ],
          [
            0.0,
            1.0,
            0.0
          ],
          [
            0.0,
            0.0,
            1.0
          ]
        ]
      ]
    ],
    [
      [
        "CHI",
        1,
        -1
      ],
      [
        "BB",
        0
      ],
      [
        [
          -0.5739506738593133,
          -0.7617660257247134,
          -1.2238282992430016
        ],
        [
          [
            -0.36990891586704905,
            0.4603636132840003,
            -0.8069899240549188
          ],
          [
            -0.4909551596575875,
            -0.8342777041294338,
            -0.2508859174966053
          ],
          [
            -0.7887524485969328,
            0.30339092925896793,
            0.5346246523269598
          ]
        ]
      ]
    ],
    [
      [
        "CHI",
        2,
        -1
      ],
      [
        "CHI",
        1
      ],
      [
        [
          0.6743987664003493,
          1.4019232482121429,
          -2.0487453816757626e-16
        ],
        [
          [
            0.43350181037497565,
            0.9011526953860919,
            -1.0891649352886535e-16
          ],
          [
            0.9011526953860919,
            -0.4335018103749757,
            5.3995710426747956e-17
          ],
          [
            1.4428828658932648e-18,
            -1.2155762993801708e-16,
            -0.9999999999999999
          ]
        ]
      ]
    ],
    [
      [
        "CHI",
        3,
        -1
      ],
      [
        "CHI",
        2
      ],
      [
        [
          0.6645240583369757,
          1.3789308415911796,
          -4.999327877768804e-16
        ],
        [
          [
            0.43413082794602154,
            0.9008498344490616,
            -3.052005760304206e-16
          ],
          [
            0.9008498344490616,
            -0.43413082794602154,
            -3.1417653983237947e-16
          ],
          [
            -4.1552286265746736e-16,
            -1.3854616703211558e-16,
            -1.0
          ]
        ]
      ]
    ]
  ],
  "GLY": [
    [
      [
        "PHI",
        1,
        -1
      ],
      [
        "BB",
        0
      ],
      [
        [
          -0.4723581180196067,
          1.3765085899989777,
          -2.4269711846954644e-16
        ],
        [
          [
            -0.3245778313884469,
            0.945858991272575,
            -5.0933439562590574e-17
          ],
          [
            0.945858991272575,
            0.324577831388447,
            -1.937917017472409e-16
          ],
          [
            -1.6676775817326086e-16,
            -1.110763420609107e-16,
            -1.0
          ]
        ]
      ]
    ],
    [
      [
        "PSI",
        1,
        -1
      ],
      [
        "BB",
        0
      ],
      [
        [
          1.4971000000000003,
          -4.440892098500626e-16,
          2.516004692431286e-31
        ],
        [
          [
            1.0,
            0.0,
            0.0
          ],
          [
            0.0,
            1.0,
            0.0
          ],
          [
            0.0,
            0.0,
            1.0
          ]
        ]
      ]
    ]
  ],
  "HSD": [
    [
      [
        "PHI",
        1,
        -1
      ],
      [
        "BB",
        0
      ],
      [
        [
          -0.44148640776990455,
          1.3833597369283321,
          -2.4298481309210704e-16
        ],
        [
          [
            -0.3040330609254905,
            0.9526614812535866,
            -5.066600489101741e-17
          ],
          [
            0.9526614812535866,
            0.30403306092549043,
            -1.9181790426884596e-16
          ],
          [
            -1.6733338825983556e-16,
            -1.0658653584384797e-16,
            -1.0000000000000002
          ]
        ]
      ]
    ],
    [
      [
        "PSI",
        1,
        -1
      ],
      [
        "BB",
        0
      ],
      [
        [
          1.5165999999999997,
          -1.1102230246251565e-16,
          3.824821402262553e-32
        ],
        [
          [
            1.0,
            0.0,
            0.0
          ],
          [
            0.0,
            1.0,
            0.0
          ],
          [
            0.0,
            0.0,
            1.0
          ]
        ]
      ]
    ],
    [
      [
        "CHI",
        1,
        -1
      ],
      [
        "BB",
        0
      ],
      [
        [
          -0.5305265294123308,
          -0.7827397104005642,
          -1.2305501848164302
        ],
        [
          [
            -0.34185613081534316,
            0.46714995112134855,
            -0.8154172606655349
          ],
          [
            -0.5043750953028958,
            -0.823337494990808,
            -0.2602328430088265
          ],
          [
            -0.792931364660371,
            0.32231396573773125,
            0.5170817715103279
          ]
        ]
      ]
    ],
    [
      [
        "CHI",
        2,
        -1
      ],
      [
        "CHI",
        1
      ],
      [
        [
          0.6129714485571879,
          1.3735293274093947,
          -2.7786342568054445e-16
        ],
        [
          [
            0.4075337069059156,
            -2.578215672298395e-16,
            0.9131901651548395
          ],
          [
            0.9131901651548395,
            2.0142405331552838e-16,
            -0.4075337069059155
          ],
          [
            -6.981875140215832e-17,
            1.0,
            2.9658280407651354e-16
          ]
        ]
      ]
    ]
  ],
  "HSE": [
    [
      [
        "PHI",
        1,
        -1
      ],
      [
        "BB",
        0
      ],
      [
        [
          -0.4110284848064641,
          1.3938600448673821,
          -2.4451636869928955e-16
        ],
        [
          [
            -0.2828437137396529,
            0.9591660094050256,
            -5.079668625011509e-17
          ],
          [
            0.9591660094050256,
            0.2828437137396529,
            -1.9040308577545499e-16
          ],
          [
            -1.6826064457699546e-16,
            -1.0257677072974132e-16,
            -1.0
          ]
        ]
      ]
    ],
    [
      [
        "PSI",
        1,
        -1
      ],
      [
        "BB",
        0
      ],
      [
        [
          1.5165999999999995,
          -1.6653345369377348e-16,
          4.5046369389859983e-32
        ],
        [
          [
            1.0,
            0.0,
            0.0
          ],
          [
            0.0,
            1.0,
            0.0
          ],
          [
            0.0,
            0.0,
            1.0
          ]
        ]
      ]
    ],
    [
      [
        "CHI",
        1,
        -1
      ],
      [
        "BB",
        0
      ],
      [
        [
          -0.5752335612681762,
          -0.7994627926375523,
          -1.2069409402199014
        ],
        [
          [
            -0.36926021393514974,
            0.46221464790406147,
            -0.8062285740827423
          ],
          [
            -0.5131998925648684,
            -0.8246837597962315,
            -0.23774475094049696
          ],
          [
            -0.7747727180767112,
            0.3259667400077438,
            0.541731409217473
          ]
        ]
      ]
    ],
    [
      [
        "CHI",
        2,
        -1
      ],
      [
        "CHI",
        1
      ],
      [
        [
          0.6845241100809292,
          1.3469393277790622,
          -5.701790842856806e-16
        ],
        [
          [
            0.45305719113172893,
            -4.3986767180265225e-16,
            0.8914814532921188
          ],
          [
            0.8914814532921188,
            6.316285700704458e-16,
            -0.45305719113172893
          ],
          [
            -4.032257058805514e-16,
            1.0,
            6.387807330756645e-16
          ]
        ]
      ]
    ]
  ],
  "ILE": [
    [
      [
        "PHI",
        1,
        -1
      ],
      [
        "BB",
        0
      ],
      [
        [
          -0.4093633932007761,
          1.3953921500091448,
          -2.4468400562373056e-16
        ],
        [
          [
            -0.28150419007067534,
            0.9595599986309628,
            -5.074800757621131e-17
          ],
          [
            0.9595599986309628,
            0.2815041900706754,
            -1.9023926872568942e-16
          ],
          [
            -1.6826021566753595e-16,
            -1.0224890934261623e-16,
            -1.0000000000000002
          ]
        ]
      ]
    ],
    [
      [
        "PSI",
        1,
        -1
      ],
      [
        "BB",
        0
      ],
      [
        [
          1.5189999999999992,
          5.551115123125782e-17,
          -3.1450058655391076e-32
        ],
        [
          [
            1.0,
            0.0,
            0.0
          ],
          [
            0.0,
            1.0,
            0.0
          ],
          [
            0.0,
            0.0,
            1.0
          ]
        ]
      ]
    ],
    [
      [
        "CHI",
        1,
        -1
      ],
      [
        "BB",
        0
      ],
      [
        [
          -0.6109415266416894,
          -0.8121727331879111,
          -1.194179011911867
        ],
        [
          [
            -0.3896062283283523,
            0.46901099104942834,
            -0.7926131951479164
          ],
          [
            -0.5179342728065242,
            -0.8232102553321571,
            -0.23252734155006793
          ],
          [
            -0.7615451896638393,
            0.31992743832125126,
            0.5636447092886345
          ]
        ]
      ]
    ],
    [
      [
        "CHI",
        2,
        -1
      ],
      [
        "CHI",
        1
      ],
      [
        [
          0.6212044495349401,
          1.4198538910317464,
          -3.1479033251380583e-16
        ],
        [
          [
            0.4008287840591951,
            0.9161529816955396,
            -1.7483092451515066e-16
          ],
          [
            0.9161529816955395,
            -0.4008287840591951,
            8.123887799505254e-18
          ],
          [
            -6.263454285887599e-17,
            -1.6342816085565207e-16,
            -1.0000000000000002
          ]
        ]
      ]
    ],
    [
      [
        "XI",
        2,
        2
      ],
      [
        "CHI",
        1
      ],
      [
        [
          0.6267643847634136,
          -0.9086137029669583,
          -1.0813096618327283
        ],
        [
          [
            0.40562023347360454,
            0.9035246310392139,
            -0.13825869702217883
          ],
          [
            -0.5880233645916119,
            0.14213746098689395,
            -0.7962571600171385
          ],
          [
            -0.6997862165627289,
            0.4042773593582151,
            0.5889474236459228
          ]
        ]
      ]
    ],
    [
      [
        "XI",
        3,
        1
      ],
      [
        "CHI",
        2
      ],
      [
        [
          0.6278080220418057,
          1.404139842558412,
          -3.339298350468359e-16
        ],
        [
          [
            0.40817113454379106,
            0.9114641517529881,
            -0.051277919170353486
          ],
          [
            0.9129054304391202,
            -0.4075267212925419,
            0.02292698208043293
          ],
          [
            -3.706686020174601e-16,
            -0.056170023159669416,
            -0.9984212179727768
          ]
        ]
      ]
    ]
  ],
  "LEU": [
    [
      [
        "PHI",
        1,
        -1
      ],
      [
        "BB",
        0
      ],
      [
        [
          -0.4011115401471394,
          1.3942489635501936,
          -2.4432471387347846e-16
        ],
        [
          [
            -0.27647610983398074,
            0.9610207909775258,
            -5.0715784967502514e-17
          ],
          [
            0.9610207909775258,
            0.27647610983398074,
            -1.898279341858994e-16
          ],
          [
            -1.6840688852597095e-16,
            -1.0122181256605378e-16,
            -1.0000000000000002
          ]
        ]
      ]
    ],
    [
      [
        "PSI",
        1,
        -1
      ],
      [
        "BB",
        0
      ],
      [
        [
          1.5183999999999995,
          1.1102230246251565e-16,
          -8.755202059893877e-32
        ],
        [
          [
            1.0,
            0.0,
            0.0
          ],
          [
            0.0,
            1.0,
            0.0
          ],
          [
            0.0,
            0.0,
            1.0
          ]
        ]
      ]
    ],
    [
      [
        "CHI",
        1,
        -1
      ],
      [
        "BB",
        0
      ],
      [
        [
          -0.5852680274971376,
          -0.7527737949364742,
          -1.2274532331810233
        ],
        [
          [
            -0.3765476597163598,
            0.44242649941532647,
            -0.8139230016268323
          ],
          [
            -0.4843169239763714,
            -0.8429753040139979,
            -0.23415754092613178
          ],
          [
            -0.7897144908840142,
            0.30602521046084996,
            0.5316950192076229
          ]
        ]
      ]
    ],
    [
      [
        "CHI",
        2,
        -1
      ],
      [
        "CHI",
        1
      ],
      [
        [
          0.713459176185477,
          1.3728815840839068,
          -4.1516368161010973e-16
        ],
        [
          [
            0.4611292503784109,
            0.8873329783375824,
            -1.6944630856456545e-16
          ],
          [
            0.8873329783375824,
            -0.4611292503784109,
            -2.253681688483565e-16
          ],
          [
            -2.781132577344663e-16,
            -4.643144288670722e-17,
            -0.9999999999999998
          ]
        ]
      ]
    ],
    [
      [
        "XI",
        3,
        1
      ],
      [
        "CHI",
        2
      ],
      [
        [
          0.5374512819115344,
          1.4390098434589158,
          -1.7525968557496822e-16
        ],
        [
          [
            0.3498803996559689,
            0.935777396372441,
            0.04363909227969588
          ],
          [
            0.9367943776179383,
            -0.34950057051403705,
            -0.01629862797241403
          ],
          [
            -2.2574098023455095e-16,
            0.046583426760801634,
            -0.9989144029150955
          ]
        ]
      ]
    ],
    [
      [
        "XI",
        3,
        2
      ],
      [
        "CHI",
        2
      ],
      [
        [
          0.5895350450138422,
          -0.7091798838624314,
          1.228335590555527
        ],
        [
          [
            0.3838118782642198,
            0.9232591911877183,
            0.01676030998195856
          ],
          [
            -0.4617056535562702,
            0.1761555946679875,
            0.8693659160223298
          ],
          [
            0.7996976501012547,
            -0.34141129500145023,
            0.4938845979254298
          ]
        ]
      ]
    ]
  ],
  "LYS": [
    [
      [
        "PHI",
        1,
        -1
      ],
      [
        "BB",
        0
      ],
      [
        [
          -0.43107082020646015,
          1.384860320742322,
          -2.4316375633745303e-16
        ],
        [
          [
            -0.29720823235415084,
            0.954812686667349,
            -5.072206317645265e-17
          ],
          [
            0.9548126866673491,
            0.2972082323541509,
            -1.9137565987263462e-16
          ],
          [
            -1.6765289322769802e-16,
            -1.0530849100117466e-16,
            -1.0
          ]
        ]
      ]
    ],
    [
      [
        "PSI",
        1,
        -1
      ],
      [
        "BB",
        0
      ],
      [
        [
          1.5186999999999995,
          -5.551115123125783e-17,
          6.798155367234455e-33
        ],
        [
          [
            1.0,
            0.0,
            0.0
          ],
          [
            0.0,
            1.0,
            0.0
          ],
          [
            0.0,
            0.0,
            1.0
          ]
        ]
      ]
    ],
    [
      [
        "CHI",
        1,
        -1
      ],
      [
        "BB",
        0
      ],
      [
        [
          -0.5670281201645078,
          -0.7732403590013934,
          -1.2264602309712704
        ],
        [
          [
            -0.36422669589189866,
            0.4626082515395276,
            -0.8082898735028239
          ],
          [
            -0.4966857393379966,
            -0.830662965757707,
            -0.2515995104464187
          ],
          [
            -0.7878084731315966,
            0.3098267950422476,
            0.5323205488574635
          ]
        ]
      ]
    ],
    [
      [
        "CHI",
        2,
        -1
      ],
      [
        "CHI",
        1
      ],
      [
        [
          0.6708088851020058,
          1.390110675330638,
          -2.63406662866775e-16
        ],
        [
          [
            0.4346024522850703,
            0.9006224006029403,
            -1.9722099696999248e-16
          ],
          [
            0.9006224006029402,
            -0.43460245228507033,
            -1.3477724183132183e-18
          ],
          [
            -8.692656295611286e-17,
            -1.7703590254229878e-16,
            -0.9999999999999998
          ]
        ]
      ]
    ],
    [
      [
        "CHI",
        3,
        -1
      ],
      [
        "CHI",
        2
      ],
      [
        [
          0.6085277480505866,
          1.4143443957722905,
          -7.014502841459265e-16
        ],
        [
          [
            0.3952248802043166,
            0.9185843968125542,
            -4.211533231171918e-16
          ],
          [
            0.9185843968125541,
            -0.3952248802043166,
            -3.997424698754159e-16
          ],
          [
            -5.336474672475114e-16,
            -2.288767015121194e-16,
            -1.0000000000000002
          ]
        ]
      ]
    ],
    [
      [
        "CHI",
        4,
        -1
      ],
      [
        "CHI",
        3
      ],
      [
        [
          0.5832087383672029,
          1.4198917449904882,
          -2.520005056652174e-16
        ],
        [
          [
            0.3799405461675591,
            0.9250109087885922,
            6.777147142031965e-17
          ],
          [
            0.9250109087885922,
            -0.3799405461675591,
            -7.703565723505979e-17
          ],
          [
            -4.550969344211378e-17,
            9.19583200527154e-17,
            -1.0
          ]
        ]
      ]
    ],
    [
      [
        "XI",
        5,
        1
      ],
      [
        "CHI",
        4
      ],
      [
        [
          0.5104877494642505,
          1.368272786269947,
          -2.463043410295285e-16
        ],
        [
          [
            0.34955337542060394,
            0.9369155385586425,
            0.001308181726973712
          ],
          [
            0.9369164518419248,
            -0.349553034684508,
            -0.0004880684264094313
          ],
          [
            -3.801151799095431e-16,
            0.0013962629478882916,
            -0.9999990252244151
          ]
        ]
      ]
    ]
  ],
  "MET": [
    [
      [
        "PHI",
        1,
        -1
      ],
      [
        "BB",
        0
      ],
      [
        [
          -0.40749045651430615,
          1.3926063793655983,
          -2.4421823000020306e-16
        ],
        [
          [
            -0.28083422227036925,
            0.9597562917750513,
            -5.0774042387303106e-17
          ],
          [
            0.9597562917750513,
            0.2808342222703693,
            -1.902247265536446e-16
          ],
          [
            -1.68310289455688e-16,
            -1.021523197783537e-16,
            -1.0
          ]
        ]
      ]
    ],
    [
      [
        "PSI",
        1,
        -1
      ],
      [
        "BB",
        0
      ],
      [
        [
          1.5194999999999996,
          1.6653345369377348e-16,
          -1.4365398254248645e-31
        ],
        [
          [
            1.0,
            0.0,
            0.0
          ],
          [
            0.0,
            1.0,
            0.0
          ],
          [
            0.0,
            0.0,
            1.0
          ]
        ]
      ]
    ],
    [
      [
        "CHI",
        1,
        -1
      ],
      [
        "BB",
        0
      ],
      [
        [
          -0.5793432739228696,
          -0.7563396001818091,
          -1.228451439885661
        ],
        [
          [
            -0.37266388390767397,
            0.4461508556297063,
            -0.8136774813473266
          ],
          [
            -0.4865171749529197,
            -0.8406034363577657,
            -0.2380901116370569
          ],
          [
            -0.7902041939313397,
            0.3071404838252309,
            0.5303225953030146
          ]
        ]
      ]
    ],
    [
      [
        "CHI",
        2,
        -1
      ],
      [
        "CHI",
        1
      ],
      [
        [
          0.6757809752423419,
          1.3904805189216098,
          -5.842298195197828e-16
        ],
        [
          [
            0.43711576665093277,
            0.8994052515663712,
            -3.476117754076053e-16
          ],
          [
            0.8994052515663713,
            -0.4371157666509328,
            -3.40014207630584e-16
          ],
          [
            -4.577571516543132e-16,
            -1.6401828526725808e-16,
            -1.0
          ]
        ]
      ]
    ],
    [
      [
        "CHI",
        3,
        -1
      ],
      [
        "CHI",
        2
      ],
      [
        [
          0.6314855623759459,
          1.7089603841256047,
          -3.0047900461668335e-16
        ],
        [
          [
            0.34660824544483554,
            0.9380099808582275,
            -4.616474617887603e-17
          ],
          [
            0.9380099808582275,
            -0.3466082454448356,
            -1.546217625897102e-16
          ],
          [
            -1.6103783824150592e-16,
            1.0290185159234884e-17,
            -0.9999999999999999
          ]
        ]
      ]
    ],
    [
      [
        "XI",
        4,
        1
      ],
      [
        "CHI",
        3
      ],
      [
        [
          0.28292137589480687,
          1.7984826535337466,
          -6.579653882648959e-16
        ],
        [
          [
            0.155400074642869,
            0.9878010030178924,
            -0.009999761889025904
          ],
          [
            0.9878516167932264,
            -0.15539211253162563,
            0.00157307405034163
          ],
          [
            -9.392219136377692e-17,
            -0.010122736774463374,
            -0.9999487637875232
          ]
        ]
      ]
    ]
  ],
  "PHE": [
    [
      [
        "PHI",
        1,
        -1
      ],
      [
        "BB",
        0
      ],
      [
        [
          -0.40902233768554747,
          1.3915318491771032,
          -2.4365040728751647e-16
        ],
        [
          [
            -0.2820065759001292,
            0.959412471854043,
