{
  "ALA": [
    [
      [
        "PHI",
        1,
        -1
      ],
      [
        "BB",
        0
      ],
      [
        [
          -0.48968825905920865,
          1.3746861092407814,
          -2.41188076655269e-16
        ],
        [
          [
            -0.3355638039191456,
            0.9419881396067172,
            0.007434940456282937
          ],
          [
            0.9420174804637718,
            0.33555335217084187,
            0.002648461364213967
          ],
          [
            -1.6527655496146935e-16,
            0.00789257164593435,
            -0.9999688531713441
          ]
        ]
      ]
    ],
    [
      [
        "PSI",
        1,
        -1
      ],
      [
        "BB",
        0
      ],
      [
        [
          1.5210000000000004,
          5.552904670001013e-16,
          1.4094239591839093e-17
        ],
        [
          [
            1.0000000000000002,
            1.1765594182954908e-19,
            -9.266429711926037e-18
          ],
          [
            1.1765594182956285e-19,
            0.9996776238943827,
            0.02538992486955154
          ],
          [
            9.266429711926037e-18,
            -0.02538992486955154,
            0.9996776238943827
          ]
        ]
      ]
    ],
    [
      [
        "XI",
        1,
        1
      ],
      [
        "BB",
        0
      ],
      [
        [
          -0.5233233263955082,
          -0.7543321657104823,
          -1.220182232219791
        ],
        [
          [
            -0.34271337681434727,
            -0.9383581429531829,
            -0.04507257376676538
          ],
          [
            -0.49399617924720507,
            0.13919587497574903,
            0.8582495460406012
          ],
          [
            -0.7990715338701971,
            0.316399279302575,
            -0.5112496257359419
          ]
        ]
      ]
    ]
  ],
  "ARG": [
    [
      [
        "PHI",
        1,
        -1
      ],
      [
        "BB",
        0
      ],
      [
        [
          -0.48543335135578264,
          1.375346033328156,
          -2.428511517220098e-16
        ],
        [
          [
            -0.3328305460101358,
            0.9429601835059218,
            0.007065406221437952
          ],
          [
            0.9429866529503986,
            0.33282120352407807,
            0.0024937606519740765
          ],
          [
            -1.665074746122774e-16,
            0.00749258348390382,
            -0.9999719302024118
          ]
        ]
      ]
    ],
    [
      [
        "PSI",
        1,
        -1
      ],
      [
        "BB",
        0
      ],
      [
        [
          1.5219000000000005,
          -7.773988231786267e-16,
          -1.9421171626042033e-17
        ],
        [
          [
            1.0000000000000002,
            -1.5947561667431504e-19,
            1.2761135177109267e-17
          ],
          [
            -1.5947561667433353e-19,
            0.9996876998898507,
            0.024990051799469667
          ],
          [
            -1.2761135177109267e-17,
            -0.024990051799469667,
            0.9996876998898507
          ]
        ]
      ]
    ],
    [
      [
        "CHI",
        1,
        -1
      ],
      [
        "BB",
        0
      ],
      [
        [
          -0.5179623104636811,
          -0.7553161359826928,
          -1.2269799467241915
        ],
        [
          [
            -0.33829423973854184,
            0.48314103335462016,
            -0.8075467474076978
          ],
          [
            -0.493316005474948,
            -0.8218267390893066,
            -0.2850265420273666
          ],
          [
            -0.8013715281328401,
            0.30195289832499883,
            0.5163604565525616
          ]
        ]
      ]
    ],
    [
      [
        "CHI",
        2,
        -1
      ],
      [
        "CHI",
        1
      ],
      [
        [
          0.6214421449357557,
          1.388583216986885,
          -4.963176294491181e-16
        ],
        [
          [
            0.40849414641146115,
            0.9127609393195854,
            -3.1661789944433194e-16
          ],
          [
            0.9127609393195854,
            -0.4084941464114611,
            -8.271647191220196e-17
          ],
          [
            -2.048369231718858e-16,
            -2.5520725671425994e-16,
            -0.9999999999999999
          ]
        ]
      ]
    ],
    [
      [
        "CHI",
        3,
        -1
      ],
      [
        "CHI",
        2
      ],
      [
        [
          0.5627146472966488,
          1.4145861535155113,
          -5.143380891978982e-16
        ],
        [
          [
            0.3696233889231794,
            0.92918165627661,
            -2.64163772531584e-16
          ],
          [
            0.9291816562766099,
            -0.36962338892317936,
            -3.0167900530834333e-16
          ],
          [
            -3.779557066501428e-16,
            -1.3394851538013112e-16,
            -0.9999999999999999
          ]
        ]
      ]
    ],
    [
      [
        "CHI",
        4,
        -1
      ],
      [
        "CHI",
        3
      ],
      [
        [
          0.5392420600035316,
          1.3579511076335367,
          -4.576557120016375e-16
        ],
        [
          [
            0.3690658134306561,
            0.9294032630439644,
            -7.638101468105095e-17
          ],
          [
            0.9294032630439644,
            -0.36906581343065603,
            -1.7431665341576915e-16
          ],
          [
            -1.902000878014406e-16,
            -6.6544467917771334e-18,
            -1.0000000000000002
          ]
        ]
      ]
    ]
  ],
  "ASN": [
    [
      [
        "PHI",
        1,
        -1
      ],
      [
        "BB",
        0
      ],
      [
        [
          -0.4870166243096889,
          1.3745740058818194,
          -2.406000278269984e-16
        ],
        [
          [
            -0.33396189008413146,
            0.9425579580885343,
            0.007345176335999236
          ],
          [
            0.9425865774407325,
            0.3339517501424202,
            0.0026024229825462523
          ],
          [
            -1.649866473475955e-16,
            0.007792574721297712,
            -0.9999696374286633
          ]
        ]
      ]
    ],
    [
      [
        "PSI",
        1,
        -1
      ],
      [
        "BB",
        0
      ],
      [
        [
          1.522700000000002,
          -1.6659502068245037e-16,
          -4.527928447052748e-18
        ],
        [
          [
            1.0000000000000004,
            -4.043277643444856e-20,
            2.9736182091369848e-18
          ],
          [
            -4.043277643445369e-20,
            0.9996303025769833,
            0.027189302489210213
          ],
          [
            -2.9736182091369848e-18,
            -0.027189302489210213,
            0.9996303025769833
          ]
        ]
      ]
    ],
    [
      [
        "CHI",
        1,
        -1
      ],
      [
        "BB",
        0
      ],
      [
        [
          -0.5255029357965717,
          -0.7560340707180179,
          -1.224577297839026
        ],
        [
          [
            -0.34299519339244944,
            0.4849923070758434,
            -0.8044481085731554
          ],
          [
            -0.4934626138750849,
            -0.8217413598174649,
            -0.28501892265762463
          ],
          [
            -0.799280267501485,
            0.29920494588591784,
            0.5211789081881191
          ]
        ]
      ]
    ],
    [
      [
        "CHI",
        2,
        -1
      ],
      [
        "CHI",
        1
      ],
      [
        [
          0.5868470039214566,
          1.3981331424397356,
          -5.009191925133751e-16
        ],
        [
          [
            0.3870256571400492,
            0.9220689457493476,
            -2.8192794992505753e-16
          ],
          [
            0.9220689457493476,
            -0.3870256571400492,
            -3.098851549625336e-16
          ],
          [
            -3.948488282255689e-16,
            -1.400235018273521e-16,
            -1.0
          ]
        ]
      ]
    ]
  ],
  "ASP": [
    [
      [
        "PHI",
        1,
        -1
      ],
      [
        "BB",
        0
      ],
      [
        [
          -0.4746024272698116,
          1.3801785341141926,
          -2.393148016120292e-16
        ],
        [
          [
            -0.3251815191982265,
            0.9456278306351273,
            0.006707123096853048
          ],
          [
            0.9456516163851958,
            0.3251733399848581,
            0.002306380531998811
          ],
          [
            -1.6397040192670728e-16,
            0.0070925941230781525,
            -0.9999748472379719
          ]
        ]
      ]
    ],
    [
      [
        "PSI",
        1,
        -1
      ],
      [
        "BB",
        0
      ],
      [
        [
          1.5241000000000005,
          -5.553107427629019e-16,
          -1.4871131106374204e-17
        ],
        [
          [
            1.0000000000000002,
            -1.3072006451233256e-19,
            9.757319799471534e-18
          ],
          [
            -1.3072006451234537e-19,
            0.9996410983272657,
            0.026789448203698506
          ],
          [
            -9.757319799471534e-18,
            -0.026789448203698506,
            0.9996410983272657
          ]
        ]
      ]
    ],
    [
      [
        "CHI",
        1,
        -1
      ],
      [
        "BB",
        0
      ],
      [
        [
          -0.5298526211061829,
          -0.7459328939326488,
          -1.2290147101056907
        ],
        [
          [
            -0.34581165716367507,
            0.47518790899290864,
            -0.8090801869509969
          ],
          [
            -0.4868378109467748,
            -0.8279995916433306,
            -0.278218658739903
          ],
          [
            -0.8021242070915611,
            0.29767957166292985,
            0.5176713523195091
          ]
        ]
      ]
    ],
    [
      [
        "CHI",
        2,
        -1
      ],
      [
        "CHI",
        1
      ],
      [
        [
          0.5955693280994976,
          1.3969406341813928,
          -3.638661968554811e-16
        ],
        [
          [
            0.3921831477014999,
            0.9198871553940425,
            -2.0980462419305804e-16
          ],
          [
            0.9198871553940425,
            -0.39218314770149987,
            -1.6164048105788635e-17
          ],
          [
            -9.715093815005012e-17,
            -1.8665731167174166e-16,
            -1.0
          ]
        ]
      ]
    ]
  ],
  "CYS": [
    [
      [
        "PHI",
        1,
        -1
      ],
      [
        "BB",
        0
      ],
      [
        [
          -0.49343788042903824,
          1.3721757533777141,
          -2.360417392412163e-16
        ],
        [
          [
            -0.3383883420854743,
            0.9409183387879814,
            0.012884474110745553
          ],
          [
            0.941006551486569,
            0.33835662057537563,
            0.004633289562214563
          ],
          [
            -1.6187199234756305e-16,
            0.013692225724030362,
            -0.9999062570834943
          ]
        ]
      ]
    ],
    [
      [
        "PSI",
        1,
        -1
      ],
      [
        "BB",
        0
      ],
      [
        [
          1.5214000000000003,
          -4.442582537907509e-16,
          -1.2252044900600377e-17
        ],
        [
          [
            1.0000000000000002,
            -1.1111077999741632e-19,
            8.053138491258513e-18
          ],
          [
            -1.1111077999742812e-19,
            0.9996193468858542,
            0.027589152424435947
          ],
          [
            -8.053138491258513e-18,
            -0.027589152424435947,
            0.9996193468858542
          ]
        ]
      ]
    ],
    [
      [
        "CHI",
        1,
        -1
      ],
      [
        "BB",
        0
      ],
      [
        [
          -0.5156843135763641,
          -0.7554441721584206,
          -1.2263636497724302
        ],
        [
          [
            -0.3370706017232264,
            0.4875074471396688,
            -0.8054314982897709
          ],
          [
            -0.4937866345240996,
            -0.819930609975439,
            -0.2896352091695136
          ],
          [
            -0.8015972611101572,
            0.30008379464520857,
            0.5170991657042459
          ]
        ]
      ]
    ],
    [
      [
        "XI",
        2,
        1
      ],
      [
        "CHI",
        1
      ],
      [
        [
          0.737283347051094,
          1.6496365891192946,
          -4.885321533679486e-16
        ],
        [
          [
            0.4080377148990502,
            0.9116803058498446,
            0.04841738474449015
          ],
          [
            0.9129650722891661,
            -0.40746350545994736,
            -0.021639512432818163
          ],
          [
            -2.4760464717464065e-16,
            0.0530331183679225,
            -0.9985927540074457
          ]
        ]
      ]
    ]
  ],
  "GLN": [
    [
      [
        "PHI",
        1,
        -1
      ],
      [
        "BB",
        0
      ],
      [
        [
          -0.48739555012441765,
          1.3743335904062421,
          -2.391239190314444e-16
        ],
        [
          [
            -0.33424465102483714,
            0.9424539401451865,
            0.007815623205974424
          ],
          [
            0.9424863464588145,
            0.33423315840530976,
            0.0027717433370123955
          ],
          [
            -1.6398568031233342e-16,
            0.008292558545107688,
            -0.9999656161452631
          ]
        ]
      ]
    ],
    [
      [
        "PSI",
        1,
        -1
      ],
      [
        "BB",
        0
      ],
      [
        [
          1.5216000000000007,
          -4.997588933257674e-16,
          -1.2584927519252951e-17
        ],
        [
          [
            1.0000000000000002,
            -1.0418785781208776e-19,
            8.270851419067615e-18
          ],
          [
            -1.0418785781209876e-19,
            0.9996826818857703,
            0.025189988838308346
          ],
          [
            -8.270851419067615e-18,
            -0.025189988838308346,
            0.9996826818857703
          ]
        ]
      ]
    ],
    [
      [
        "CHI",
        1,
        -1
      ],
      [
        "BB",
        0
      ],
      [
        [
          -0.5159876771179152,
          -0.7546611173024413,
          -1.2278403622190845
        ],
        [
          [
            -0.3370706017232265,
            0.4838424965871803,
            -0.8076384388761019
          ],
          [
            -0.49298479050329297,
            -0.8215402801567092,
            -0.2864220040647385
          ],
          [
            -0.8020906468637863,
            0.3016090293348677,
            0.5154440683889112
          ]
        ]
      ]
    ],
    [
      [
        "CHI",
        2,
        -1
      ],
      [
        "CHI",
        1
      ],
      [
        [
          0.6195452438560675,
          1.390306477297479,
          -3.9556072052078687e-16
        ],
        [
          [
            0.4070332066592653,
            0.9134133613412254,
            -1.5946286038614178e-17
          ],
          [
            0.9134133613412254,
            -0.4070332066592653,
            -1.3281663938698006e-16
          ],
          [
            -1.278071609651099e-16,
            3.949523189595054e-17,
            -1.0
          ]
        ]
      ]
    ],
    [
      [
        "CHI",
        3,
        -1
      ],
      [
        "CHI",
        2
      ],
      [
        [
          0.5842177032514924,
          1.400100741092423,
          -2.8280033825501554e-16
        ],
        [
          [
            0.3850884603859283,
            0.9228796658706895,
            -2.908142136474275e-16
          ],
          [
            0.9228796658706894,
            -0.38508846038592826,
            -3.162331878457049e-16
          ],
          [
            -4.0383437652809945e-16,
            -1.466087728909486e-16,
            -1.0
          ]
        ]
      ]
    ]
  ],
  "GLU": [
    [
      [
        "PHI",
        1,
        -1
      ],
      [
        "BB",
        0
      ],
      [
        [
          -0.4853335021919798,
          1.3750631373322706,
          -2.405105148219547e-16
        ],
        [
          [
            -0.33283054601013534,
            0.9429485245705563,
            0.008479838017706357
          ],
          [
            0.9429866529503986,
            0.3328170884607186,
            0.0029929894645698684
          ],
          [
            -1.6493657579340755e-16,
            0.008992532387573832,
            -0.9999595663631897
          ]
        ]
      ]
    ],
    [
      [
        "PSI",
        1,
        -1
      ],
      [
        "BB",
        0
      ],
      [
        [
          1.5216000000000007,
          -1.6658671810524227e-16,
          -4.2116238797104446e-18
        ],
        [
          [
            1.0000000000000004,
            -3.500552804195312e-20,
            2.7678916139002122e-18
          ],
          [
            -3.500552804195708e-20,
            0.9996801578884774,
            0.025289956980385553
          ],
          [
            -2.7678916139002122e-18,
            -0.025289956980385553,
            0.9996801578884774
          ]
        ]
      ]
    ],
    [
      [
        "CHI",
        1,
        -1
      ],
      [
        "BB",
        0
      ],
      [
        [
          -0.518394535229218,
          -0.7543756652458703,
          -1.2273759291795383
        ],
        [
          [
            -0.33857653662675086,
            0.4828730898374793,
            -0.8075886997455077
          ],
          [
            -0.49270176033300883,
            -0.8221900051561998,
            -0.28504134925656394
          ],
          [
            -0.801630154254809,
            0.30139206116295386,
            0.5162866657752818
          ]
        ]
      ]
    ],
    [
      [
        "CHI",
        2,
        -1
      ],
      [
        "CHI",
        1
      ],
      [
        [
          0.6183146057109226,
          1.3886652074436614,
          -3.528752356524752e-16
        ],
        [
          [
            0.40675916433847936,
            0.9135354301977906,
            -4.721889851410983e-16
          ],
          [
            0.9135354301977906,
            -0.40675916433847936,
            -1.841701575262396e-16
          ],
          [
            -3.6031316109115586e-16,
            -3.5644846830407195e-16,
            -1.0000000000000002
          ]
        ]
      ]
    ],
    [
      [
        "CHI",
        3,
        -1
      ],
      [
        "CHI",
        2
      ],
      [
        [
          0.5949604663755084,
          1.3986129033618413,
          -6.96574294229253e-16
        ],
        [
          [
            0.39144711255708137,
            0.9202006075148633,
            -2.887261088505247e-16
          ],
          [
            0.9202006075148633,
            -0.39144711255708137,
            -3.1340685685554696e-16
          ],
          [
            -4.014181817071776e-16,
            -1.4300373159796112e-16,
            -1.0
          ]
        ]
      ]
    ]
  ],
  "GLY": [
    [
      [
        "PHI",
        1,
        -1
      ],
      [
        "BB",
        0
      ],
      [
        [
          -0.5333630204949823,
          1.3533942435109099,
          -2.35788734291081e-16
        ],
        [
          [
            -0.36664812022752624,
            0.9302592732366293,
            0.013668960855907068
          ],
          [
            0.9303596916965083,
            0.36660854602855847,
            0.005386840001787891
          ],
          [
            -1.6208753302473495e-16,
            0.014692124968335312,
            -0.9998920649069654
          ]
        ]
      ]
    ],
    [
      [
        "PSI",
        1,
        -1
      ],
      [
        "BB",
        0
      ],
      [
        [
          1.514400000000001,
          2.221053553617821e-16,
          5.193738811211844e-18
        ],
        [
          [
            1.0000000000000002,
            4.0115185387381525e-20,
            -3.4295686814652253e-18
          ],
          [
            4.011518538738617e-20,
            0.9997264043556875,
            0.023390520174829257
          ],
          [
            3.4295686814652253e-18,
            -0.023390520174829257,
            0.9997264043556875
          ]
        ]
      ]
    ]
  ],
  "HSD": [
    [
      [
        "PHI",
        1,
        -1
      ],
      [
        "BB",
        0
      ],
      [
        [
          -0.4873211073485018,
          1.3749965739348704,
          -2.382568362372361e-16
        ],
        [
          [
            -0.33405614707190967,
            0.9424842615329556,
            0.01139769126407013
          ],
          [
            0.9425531765388475,
            0.3340317224750628,
            0.004039526812876156
          ],
          [
            -1.6332385264411582e-16,
            0.012092358869261449,
            -0.9999268847555693
          ]
        ]
      ]
    ],
    [
      [
        "PSI",
        1,
        -1
      ],
      [
        "BB",
        0
      ],
      [
        [
          1.521200000000001,
          -1.6659366979517147e-16,
          -4.47798667803369e-18
        ],
        [
          [
            1.0000000000000004,
            -3.9584605178703435e-20,
            2.9437198777503012e-18
          ],
          [
            -3.95846051787059e-20,
            0.9996384143842444,
            0.026889412179417167
          ],
          [
            -2.9437198777503012e-18,
            -0.026889412179417167,
            0.9996384143842444
          ]
        ]
      ]
    ],
    [
      [
        "CHI",
        1,
        -1
      ],
      [
        "BB",
        0
      ],
      [
        [
          -0.5183931654084826,
          -0.7538466546691146,
          -1.2298209574169576
        ],
        [
          [
            -0.3382001340086654,
            0.48329546469651047,
            -0.8074937542546724
          ],
          [
            -0.49181018702316937,
            -0.8223251523344668,
            -0.28618889527431296
          ],
          [
            -0.8023362196091838,
            0.30034453156646707,
            0.5158001095980531
          ]
        ]
      ]
    ],
    [
      [
        "CHI",
        2,
        -1
      ],
      [
        "CHI",
        1
      ],
      [
        [
          0.6056655112315631,
          1.3683501922039591,
          -1.0488306194742678e-15
        ],
        [
          [
            0.404748403656484,
            -7.01968988975653e-17,
            0.9144280888826242
          ],
          [
            0.9144280888826241,
            8.831072943795625e-16,
            -0.404748403656484
          ],
          [
            -8.44257558266742e-16,
            1.0000000000000002,
            3.7675526240211054e-16
          ]
        ]
      ]
    ]
  ],
  "HSE": [
    [
      [
        "PHI",
        1,
        -1
      ],
      [
        "BB",
        0
      ],
      [
        [
          -0.4873211073485018,
          1.3749965739348704,
          -2.382568362372361e-16
        ],
        [
          [
            -0.33405614707190967,
            0.9424842615329556,
            0.01139769126407013
          ],
          [
            0.9425531765388475,
            0.3340317224750628,
            0.004039526812876156
          ],
          [
            -1.6332385264411582e-16,
            0.012092358869261449,
            -0.9999268847555693
          ]
        ]
      ]
    ],
    [
      [
        "PSI",
        1,
        -1
      ],
      [
        "BB",
        0
      ],
      [
        [
          1.521200000000001,
          -1.6659366979517147e-16,
          -4.47798667803369e-18
        ],
        [
          [
            1.0000000000000004,
            -3.9584605178703435e-20,
            2.9437198777503012e-18
          ],
          [
            -3.95846051787059e-20,
            0.9996384143842444,
            0.026889412179417167
          ],
          [
            -2.9437198777503012e-18,
            -0.026889412179417167,
            0.9996384143842444
          ]
        ]
      ]
    ],
    [
      [
        "CHI",
        1,
        -1
      ],
      [
        "BB",
        0
      ],
      [
        [
          -0.5183931654084826,
          -0.7538466546691146,
          -1.2298209574169576
        ],
        [
          [
            -0.3382001340086654,
            0.48329546469651047,
            -0.8074937542546724
          ],
          [
            -0.49181018702316937,
            -0.8223251523344668,
            -0.28618889527431296
          ],
          [
            -0.8023362196091838,
            0.30034453156646707,
            0.5158001095980531
          ]
        ]
      ]
    ],
    [
      [
        "CHI",
        2,
        -1
      ],
      [
        "CHI",
        1
      ],
      [
        [
          0.6056655112315631,
          1.3683501922039591,
          -1.0488306194742678e-15
        ],
        [
          [
            0.404748403656484,
            -7.01968988975653e-17,
            0.9144280888826242
          ],
          [
            0.9144280888826241,
            8.831072943795625e-16,
            -0.404748403656484
          ],
          [
            -8.44257558266742e-16,
            1.0000000000000002,
            3.7675526240211054e-16
          ]
        ]
      ]
    ]
  ],
  "ILE": [
    [
      [
        "PHI",
        1,
        -1
      ],
      [
        "BB",
        0
      ],
      [
        [
          -0.46635528176627444,
          1.3826703841366894,
          -2.383290902065618e-16
        ],
        [
          [
            -0.3195965472630718,
            0.9475211366495704,
            0.007857644674480992
          ],
          [
            0.9475537171989376,
            0.3195855583018164,
            0.0026502730789844885
          ],
          [
            -1.6332859800340144e-16,
            0.008292558545080608,
            -0.9999656161452639
          ]
        ]
      ]
    ],
    [
      [
        "PSI",
        1,
        -1
      ],
      [
        "BB",
        0
      ],
      [
        [
          1.524000000000001,
          3.3318202593701544e-16,
          8.756203870868235e-18
        ],
        [
          [
            1.0000000000000004,
            7.553710595027434e-20,
            -5.745540597682709e-18
          ],
          [
            7.55371059502817e-20,
            0.9996543680956747,
            0.02628962432668215
          ],
          [
            5.745540597682709e-18,
            -0.02628962432668215,
            0.9996543680956747
          ]
        ]
      ]
    ],
    [
      [
        "CHI",
        1,
        -1
      ],
      [
        "BB",
        0
      ],
      [
        [
          -0.5249761732733244,
          -0.7774773440391058,
          -1.2302225030461744
        ],
        [
          [
            -0.3393291792859703,
            0.4778626716034509,
            -0.8102487119231494
          ],
          [
            -0.5025385198365366,
            -0.8202256225769098,
            -0.2732854993387387
          ],
          [
            -0.7951796930037971,
            0.31444744418794895,
            0.5184708870110779
          ]
        ]
      ]
    ],
    [
      [
        "CHI",
        2,
        -1
      ],
      [
        "CHI",
        1
      ],
      [
        [
          0.5393155493058205,
          1.4362828336636775,
          -4.3813560690444523e-16
        ],
        [
          [
            0.3515288419409596,
            0.9361770523163064,
            -4.987138355882835e-16
          ],
          [
            0.9361770523163064,
            -0.3515288419409597,
            -2.2298443967630164e-16
          ],
          [
            -3.8406521253284656e-16,
            -3.8849898670013413e-16,
            -1.0000000000000004
          ]
        ]
      ]
    ],
    [
      [
        "XI",
        2,
        2
      ],
      [
        "CHI",
        1
      ],
      [
        [
          0.538131272601698,
          -0.7895884234601679,
          -1.2001781805156118
        ],
        [
          [
            0.35077978788977116,
            0.9256829843149481,
            -0.14164940154402
          ],
          [
            -0.514691626008844,
            0.06420963428550935,
            -0.8549676327097382
          ],
          [
            -0.7823337334695339,
            0.37281112565841296,
            0.49896472226093064
          ]
        ]
      ]
    ],
    [
      [
        "XI",
        3,
        1
      ],
      [
        "CHI",
        2
      ],
      [
        [
          0.6192908277053357,
          1.3908576924761369,
          -6.873508673451047e-16
        ],
        [
          [
            0.40675916433847975,
            0.9120931568793623,
            -0.051313306271386624
          ],
          [
            0.9135354301977905,
            -0.40611698028041365,
            0.022847671681298882
          ],
          [
            -4.455442262905551e-16,
            -0.05617002315966722,
            -0.9984212179727767
          ]
        ]
      ]
    ]
  ],
  "LEU": [
    [
      [
        "PHI",
        1,
        -1
      ],
      [
        "BB",
        0
      ],
      [
        [
          -0.48112870953064824,
          1.3771755896999376,
          -2.4071723781615173e-16
        ],
        [
          [
            -0.3298112897797149,
            0.9440182171016268,
            0.007356555858982785
          ],
          [
            0.9440468807923897,
            0.3298012758609014,
            0.0025700791195358455
          ],
          [
            -1.6501044544567583e-16,
            0.00779257472129771,
            -0.9999696374286634
          ]
        ]
      ]
    ],
    [
      [
        "PSI",
        1,
        -1
      ],
      [
        "BB",
        0
      ],
      [
        [
          1.5219,
          3.88702342245565e-16,
          9.827122385989357e-18
        ],
        [
          [
            1.0,
            8.166346459038569e-20,
            -6.4571406702080305e-18
          ],
          [
            8.166346459039383e-20,
            0.9996801578884772,
            0.025289956980381164
          ],
          [
            6.4571406702080305e-18,
            -0.025289956980381164,
            0.9996801578884772
          ]
        ]
      ]
    ],
    [
      [
        "CHI",
        1,
        -1
      ],
      [
        "BB",
        0
      ],
      [
        [
          -0.5135064381807968,
          -0.7471657742238875,
          -1.2349406640706637
        ],
        [
          [
            -0.33518697009190385,
            0.47724537553225643,
            -0.8123340117302027
          ],
          [
            -0.48770611894509625,
            -0.8255921825852356,
            -0.2837962113870779
          ],
          [
            -0.8060970392106158,
            0.30105547592964127,
            0.5094832320976387
          ]
        ]
      ]
    ],
    [
      [
        "CHI",
        2,
        -1
      ],
      [
        "CHI",
        1
      ],
      [
        [
          0.6936469006339313,
          1.364849800249441,
          -2.092964916797313e-16
        ],
        [
          [
            0.4530678645551479,
            0.891476028902313,
            -1.7788072578437895e-16
          ],
          [
            0.891476028902313,
            -0.45306786455514786,
            1.3332541692776145e-17
          ],
          [
            -6.870639925319782e-17,
            -1.6461694923435802e-16,
            -0.9999999999999998
          ]
        ]
      ]
    ],
    [
      [
        "XI",
        3,
        1
      ],
      [
        "CHI",
        2
      ],
      [
        [
          0.5319669006720565,
          1.4301685308345204,
          -2.827523895264526e-16
        ],
        [
          [
            0.34862500863231943,
            0.9362448024421806,
            0.04366088931891736
          ],
          [
            0.9372622916537913,
            -0.34824654233922325,
            -0.016240147556608537
          ],
          [
            -3.2492100239815385e-16,
            0.04658342676080379,
            -0.9989144029150956
          ]
        ]
      ]
    ],
    [
      [
        "XI",
        3,
        2
      ],
      [
        "CHI",
        2
      ],
      [
        [
          0.5328598247153542,
          -0.7741738022304432,
          1.2022442892958076
        ],
        [
          [
            0.34918730322107067,
            0.9368985848064727,
            0.017007911595026192
          ],
          [
            -0.5073222819334487,
            0.17375931556934107,
            0.8440567531313944
          ],
          [
            0.7878402944271344,
            -0.3033623939127958,
            0.535984074797436
          ]
        ]
      ]
    ]
  ],
  "LYS": [
    [
      [
        "PHI",
        1,
        -1
      ],
      [
        "BB",
        0
      ],
      [
        [
          -0.48574171276561756,
          1.3753432111584096,
          -2.428613811157546e-16
        ],
        [
          [
            -0.33301913668285876,
            0.9428748571814551,
            0.00923354201024416
          ],
          [
            0.9429200679819071,
            0.33300316919818373,
            0.003261088922794306
          ],
          [
            -1.6650307220331455e-16,
            0.009792497077728208,
            -0.9999520523510032
          ]
        ]
      ]
    ],
    [
      [
        "PSI",
        1,
        -1
      ],
      [
        "BB",
        0
      ],
      [
        [
          1.5222000000000009,
          1.6658258972215213e-16,
          4.0451416123627195e-18
        ],
        [
          [
            1.0000000000000002,
            3.227961396568035e-20,
            -2.6574310947068798e-18
          ],
          [
            3.227961396568336e-20,
            0.9997049480012055,
            0.024290264344130733
          ],
          [
            2.6574310947068798e-18,
            -0.024290264344130733,
            0.9997049480012055
          ]
        ]
      ]
    ],
    [
      [
        "CHI",
        1,
        -1
      ],
      [
        "BB",
        0
      ],
      [
        [
          -0.5187165356273463,
          -0.7551069124369103,
          -1.2269148896548452
        ],
        [
          [
            -0.338764717624965,
            0.4832902668322879,
            -0.8072601712444715
          ],
          [
            -0.49314714762076145,
            -0.8219001796930557,
            -0.28510697187902934
          ],
          [
            -0.8012767043200398,
            0.3015138680155503,
            0.5167639988508455
          ]
        ]
      ]
    ],
    [
      [
        "CHI",
        2,
        -1
      ],
      [
        "CHI",
        1
      ],
      [
        [
          0.6230848040210544,
          1.3892717829849006,
          -2.6373961177202204e-16
        ],
        [
          [
            0.4092242243669081,
            0.9124338519538294,
            -2.919154102187556e-16
          ],
          [
            0.9124338519538293,
            -0.40922422436690814,
            -6.654250402736607e-17
          ],
          [
            -1.8017449059586094e-16,
            -2.391226975925507e-16,
            -1.0
          ]
        ]
      ]
    ],
    [
      [
        "CHI",
        3,
        -1
      ],
      [
        "CHI",
        2
      ],
      [
        [
          0.5582045432720776,
          1.4180915654041566,
          -3.774350057192333e-16
        ],
        [
          [
            0.366275947028922,
            0.9305062765119139,
            -3.647289630734551e-16
          ],
          [
            0.930506276511914,
            -0.366275947028922,
            -3.708644194428643e-16
          ],
          [
            -4.786831163851388e-16,
            -2.0354387291476553e-16,
            -1.0
          ]
        ]
      ]
    ],
    [
      [
        "CHI",
        4,
        -1
      ],
      [
        "CHI",
        3
      ],
      [
        [
          0.55995234806691,
          1.415466780922235,
          -2.5826020796528213e-16
        ],
        [
          [
            0.367857277668447,
            0.929882263120638,
            -1.2530417036289021e-16
          ],
          [
            0.929882263120638,
            -0.36785727766844695,
            -2.0764763534273653e-16
          ],
          [
            -2.3918190407434886e-16,
            -4.01334316640289e-17,
            -1.0000000000000004
          ]
        ]
      ]
    ],
    [
      [
        "XI",
        5,
        1
      ],
      [
        "CHI",
        4
      ],
      [
        [
          0.5516795779161443,
          1.389271997598118,
          3.2609903056646696e-16
        ],
        [
          [
            0.36906581343065575,
            0.9294023570843549,
            0.0012976913398351543
          ],
          [
            0.9294032630439643,
            -0.3690654536743116,
            -0.0005153129206254751
          ],
          [
            1.4677985828068142e-16,
            0.0013962629478886544,
            -0.999999025224415
          ]
        ]
      ]
    ]
  ],
  "MET": [
    [
      [
        "PHI",
        1,
        -1
      ],
      [
        "BB",
        0
      ],
      [
        [
          -0.48907793665171456,
          1.373841934823835,
          -2.409246166660283e-16
        ],
        [
          [
            -0.335375393713032,
            0.9420615418266955,
            0.006587617394627023
          ],
          [
            0.9420845743837594,
            0.3353671942868833,
            0.0023451448388260307
          ],
          [
            -1.652092276390513e-16,
            0.0069925966030556135,
            -0.999975551497509
          ]
        ]
      ]
    ],
    [
      [
        "PSI",
        1,
        -1
      ],
      [
        "BB",
        0
      ],
      [
        [
          1.5212000000000008,
          -3.887063041707161e-16,
          -9.982503105672985e-18
        ],
        [
          [
            1.0000000000000002,
            -8.43055166390143e-20,
            6.562255525685826e-18
          ],
          [
            -8.430551663902424e-20,
            0.9996699619315432,
            0.025689827009677136
          ],
          [
            -6.562255525685826e-18,
            -0.025689827009677136,
            0.9996699619315432
          ]
        ]
      ]
    ],
    [
      [
        "CHI",
        1,
        -1
      ],
      [
        "BB",
        0
      ],
      [
        [
          -0.5150602188037766,
          -0.7545858686956342,
          -1.229646594664768
        ],
        [
          [
            -0.33622313388848935,
            0.48435833632943043,
            -0.8076824909990246
          ],
          [
            -0.49258167549816184,
            -0.8213953045686465,
            -0.2875292099874443
          ],
          [
            -0.8026937754845408,
            0.3011756226203685,
            0.5147581443140137
          ]
        ]
      ]
    ],
    [
      [
        "CHI",
        2,
