{
  "ALA": [
    [
      [
        "PHI",
        1,
        -1
      ],
      [
        "BB",
        0
      ],
      [
        [
          -0.4896882590592082,
          1.374686109240782,
          -7.810602043748395e-16
        ],
        [
          [
            -0.33556380391914514,
            -0.40813586638115124,
            0.8490123957119945
          ],
          [
            0.9420174804637721,
            -0.14538543782782987,
            0.3024336968135276
          ],
          [
            -4.0436367493684405e-16,
            0.901270319627201,
            0.4332572110872279
          ]
        ]
      ]
    ],
    [
      [
        "PSI",
        1,
        -1
      ],
      [
        "BB",
        0
      ],
      [
        [
          1.5209999999999992,
          -1.2535198412496591e-15,
          -1.0688626800448283e-15
        ],
        [
          [
            1.0,
            1.2445177048939161e-16,
            -6.892684996880242e-16
          ],
          [
            -6.274097144603793e-16,
            -0.278280733562797,
            -0.9604997830961503
          ],
          [
            -3.1134604227590433e-16,
            0.9604997830961503,
            -0.278280733562797
          ]
        ]
      ]
    ],
    [
      [
        "XI",
        1,
        1
      ],
      [
        "BB",
        0
      ],
      [
        [
          -0.5233233263955089,
          -0.7543321657104833,
          -1.2201822322197908
        ],
        [
          [
            -0.3427133768143479,
            0.9285800144396628,
            -0.14243138044596376
          ],
          [
            -0.4939961792472058,
            -0.3070889764939719,
            -0.813427400205481
          ],
          [
            -0.799071533870197,
            -0.208411893372525,
            0.5639584793752195
          ]
        ]
      ]
    ]
  ],
  "ARG": [
    [
      [
        "PHI",
        1,
        -1
      ],
      [
        "BB",
        0
      ],
      [
        [
          -0.48543335135578347,
          1.375346033328155,
          1.8443341500645936e-16
        ],
        [
          [
            -0.3328305460101363,
            -0.3990970589592667,
            0.8543684013191604
          ],
          [
            0.9429866529503981,
            -0.1408627488298496,
            0.3015524139341353
          ],
          [
            2.638755225728811e-16,
            0.9060238537269106,
            0.423226625435874
          ]
        ]
      ]
    ],
    [
      [
        "PSI",
        1,
        -1
      ],
      [
        "BB",
        0
      ],
      [
        [
          1.5218999999999998,
          -2.246346837685381e-16,
          -1.3379077973803345e-16
        ],
        [
          [
            1.0,
            1.3316966275130277e-17,
            -1.0912672102044398e-16
          ],
          [
            -1.064383170989672e-16,
            -0.13112498055509747,
            -0.9913658454245968
          ],
          [
            -2.7511224701682632e-17,
            0.9913658454245968,
            -0.13112498055509747
          ]
        ]
      ]
    ],
    [
      [
        "CHI",
        1,
        -1
      ],
      [
        "BB",
        0
      ],
      [
        [
          -0.5179623104636801,
          -0.7553161359826936,
          -1.226979946724191
        ],
        [
          [
            -0.33829423973854134,
            -0.8772757504880195,
            0.3405058956397166
          ],
          [
            -0.4933160054749488,
            0.4734610362736887,
            0.7297081374583173
          ],
          [
            -0.8013715281328404,
            0.07887905131483357,
            -0.5929433102428167
          ]
        ]
      ]
    ],
    [
      [
        "CHI",
        2,
        -1
      ],
      [
        "CHI",
        1
      ],
      [
        [
          0.6214421449357579,
          1.3885832169868852,
          -2.2061693158862925e-16
        ],
        [
          [
            0.40849414641146226,
            -0.9084878829816778,
            0.08821733856244261
          ],
          [
            0.912760939319585,
            0.4065817962810735,
            -0.03948050892889743
          ],
          [
            -2.797451935360889e-16,
            0.09664889760532902,
            0.9953185372490935
          ]
        ]
      ]
    ],
    [
      [
        "CHI",
        3,
        -1
      ],
      [
        "CHI",
        2
      ],
      [
        [
          0.5627146472966494,
          1.4145861535155122,
          1.0219082767184561e-16
        ],
        [
          [
            0.3696233889231798,
            -0.9258506319992368,
            -0.07860761787230376
          ],
          [
            0.9291816562766101,
            0.36829832565522663,
            0.03126968114024988
          ],
          [
            3.7591576805051203e-16,
            -0.08459876208415244,
            0.9964150989692145
          ]
        ]
      ]
    ],
    [
      [
        "CHI",
        4,
        -1
      ],
      [
        "CHI",
        3
      ],
      [
        [
          0.5392420600035328,
          1.3579511076335373,
          -4.263934648864781e-16
        ],
        [
          [
            0.3690658134306569,
            -0.9276404823415912,
            -0.05721504066089663
          ],
          [
            0.9294032630439645,
            0.36836581363542237,
            0.022720078959937377
          ],
          [
            -3.887994455516643e-16,
            -0.06156104990798844,
            0.9981033198693545
          ]
        ]
      ]
    ]
  ],
  "ASN": [
    [
      [
        "PHI",
        1,
        -1
      ],
      [
        "BB",
        0
      ],
      [
        [
          -0.48701662430969006,
          1.3745740058818205,
          4.212795868255053e-16
        ],
        [
          [
            -0.3339618900841322,
            -0.1614229673142065,
            0.9286614461658838
          ],
          [
            0.9425865774407326,
            -0.05719275083845698,
            0.3290281648736111
          ],
          [
            1.4169222324429814e-16,
            0.9852266819747661,
            0.17125532145014719
          ]
        ]
      ]
    ],
    [
      [
        "PSI",
        1,
        -1
      ],
      [
        "BB",
        0
      ],
      [
        [
          1.522700000000001,
          7.435064467602545e-16,
          5.116676079165524e-16
        ],
        [
          [
            1.0000000000000002,
            -1.5802057738889505e-16,
            3.266069171663916e-16
          ],
          [
            3.559193301853073e-16,
            0.2524353820052388,
            -0.9676137545073807
          ],
          [
            7.045574227624137e-17,
            0.9676137545073807,
            0.2524353820052388
          ]
        ]
      ]
    ],
    [
      [
        "CHI",
        1,
        -1
      ],
      [
        "BB",
        0
      ],
      [
        [
          -0.5255029357965698,
          -0.7560340707180176,
          -1.224577297839026
        ],
        [
          [
            -0.34299519339244816,
            -0.9393360385695385,
            -0.0014505013490209548
          ],
          [
            -0.4934626138750849,
            0.17887174208603604,
            0.8511753923784896
          ],
          [
            -0.7992802675014854,
            0.2926648365068703,
            -0.5248793646688361
          ]
        ]
      ]
    ],
    [
      [
        "CHI",
        2,
        -1
      ],
      [
        "CHI",
        1
      ],
      [
        [
          0.5868470039214578,
          1.3981331424397356,
          -5.351358646482219e-16
        ],
        [
          [
            0.38702565714004955,
            -0.9050374283341945,
            -0.17640406466275124
          ],
          [
            0.9220689457493472,
            0.37987691381659355,
            0.07404316061505942
          ],
          [
            -3.333585813266468e-16,
            -0.19131331282325234,
            0.9815290196100123
          ]
        ]
      ]
    ]
  ],
  "ASP": [
    [
      [
        "PHI",
        1,
        -1
      ],
      [
        "BB",
        0
      ],
      [
        [
          -0.4746024272698122,
          1.3801785341141923,
          5.842267810587833e-16
        ],
        [
          [
            -0.32518151919822713,
            0.03129188151828159,
            0.9451337459444454
          ],
          [
            0.9456516163851959,
            0.010760349154355649,
            0.3250034389266417
          ],
          [
            2.527316069101633e-16,
            0.9994523665673731,
            -0.033090285022613776
          ]
        ]
      ]
    ],
    [
      [
        "PSI",
        1,
        -1
      ],
      [
        "BB",
        0
      ],
      [
        [
          1.5241000000000007,
          3.763544740882138e-16,
          1.591405631188223e-16
        ],
        [
          [
            1.0000000000000002,
            -5.34711642512208e-17,
            1.498937473181135e-16
          ],
          [
            1.5872698803510047e-16,
            0.4033695844683141,
            -0.9150371458721552
          ],
          [
            -1.1534477047207603e-17,
            0.9150371458721552,
            0.4033695844683141
          ]
        ]
      ]
    ],
    [
      [
        "CHI",
        1,
        -1
      ],
      [
        "BB",
        0
      ],
      [
        [
          -0.5298526211061817,
          -0.7459328939326483,
          -1.22901471010569
        ],
        [
          [
            -0.34581165716367435,
            -0.934710480867731,
            -0.08204032377878667
          ],
          [
            -0.4868378109467747,
            0.10399183273653174,
            0.867280026610004
          ],
          [
            -0.8021242070915611,
            0.33985587486479024,
            -0.491013992384761
          ]
        ]
      ]
    ],
    [
      [
        "CHI",
        2,
        -1
      ],
      [
        "CHI",
        1
      ],
      [
        [
          0.5955693280994996,
          1.3969406341813932,
          -3.424344368231725e-16
        ],
        [
          [
            0.39218314770150076,
            -0.9117265630213793,
            -0.12225814058853458
          ],
          [
            0.9198871553940422,
            0.3887039744300259,
            0.05212333070093309
          ],
          [
            -2.0040955676406714e-16,
            -0.1329055850727302,
            0.9911287027709748
          ]
        ]
      ]
    ]
  ],
  "CYS": [
    [
      [
        "PHI",
        1,
        -1
      ],
      [
        "BB",
        0
      ],
      [
        [
          -0.49343788042903874,
          1.3721757533777135,
          2.1525131372336348e-16
        ],
        [
          [
            -0.3383883420854746,
            -0.3640201370956901,
            0.8677457402542976
          ],
          [
            0.9410065514865684,
            -0.13090256436891143,
            0.31204356859419347
          ],
          [
            2.1335538178836138e-16,
            0.9221463324388803,
            0.3868412356116161
          ]
        ]
      ]
    ],
    [
      [
        "PSI",
        1,
        -1
      ],
      [
        "BB",
        0
      ],
      [
        [
          1.521399999999999,
          -2.0645407974354227e-16,
          -1.7209076575342667e-16
        ],
        [
          [
            1.0,
            2.4529840452686794e-17,
            -1.1107510160162392e-16
          ],
          [
            -1.0326512531735331e-16,
            -0.2137417900997306,
            -0.9768901919688635
          ],
          [
            -4.7704351600631345e-17,
            0.9768901919688635,
            -0.2137417900997306
          ]
        ]
      ]
    ],
    [
      [
        "CHI",
        1,
        -1
      ],
      [
        "BB",
        0
      ],
      [
        [
          -0.5156843135763639,
          -0.7554441721584207,
          -1.2263636497724288
        ],
        [
          [
            -0.33707060172322645,
            -0.7866820388322967,
            0.5172183090655276
          ],
          [
            -0.4937866345241004,
            0.6154637895139772,
            0.6143118779272122
          ],
          [
            -0.8015972611101572,
            -0.04832901380906216,
            -0.5959078262658908
          ]
        ]
      ]
    ],
    [
      [
        "XI",
        2,
        1
      ],
      [
        "CHI",
        1
      ],
      [
        [
          0.7372833470510954,
          1.6496365891192943,
          7.295616569511456e-17
        ],
        [
          [
            0.4080377148990507,
            -0.8496546479499488,
            0.33405419086880134
          ],
          [
            0.9129650722891656,
            0.3797419545673993,
            -0.149301120964882
          ],
          [
            -1.5702082811069446e-16,
            0.365900296745411,
            0.9306540564794312
          ]
        ]
      ]
    ]
  ],
  "GLN": [
    [
      [
        "PHI",
        1,
        -1
      ],
      [
        "BB",
        0
      ],
      [
        [
          -0.48739555012441854,
          1.3743335904062435,
          7.471501407290638e-17
        ],
        [
          [
            -0.33424465102483786,
            0.13813686708192813,
            0.9323082747750742
          ],
          [
            0.9424863464588149,
            0.04898904806944207,
            0.33063508571832717
          ],
          [
            -2.2430033078364624e-16,
            0.9892008285085695,
            -0.14656643844332298
          ]
        ]
      ]
    ],
    [
      [
        "PSI",
        1,
        -1
      ],
      [
        "BB",
        0
      ],
      [
        [
          1.5215999999999994,
          2.098291741649403e-16,
          1.6992853213865346e-16
        ],
        [
          [
            1.0000000000000002,
            -2.2288032262961187e-17,
            1.1213896956233514e-16
          ],
          [
            1.0434898022142858e-16,
            -0.22291497963052054,
            -0.974837890039326
          ],
          [
            4.672467446012899e-17,
            0.974837890039326,
            -0.22291497963052054
          ]
        ]
      ]
    ],
    [
      [
        "CHI",
        1,
        -1
      ],
      [
        "BB",
        0
      ],
      [
        [
          -0.5159876771179142,
          -0.7546611173024415,
          -1.227840362219083
        ],
        [
          [
            -0.33707060172322595,
            -0.8938479246254107,
            0.29566754488240465
          ],
          [
            -0.4929847905032936,
            0.43512038430244343,
            0.7534163838787408
          ],
          [
            -0.802090646863786,
            0.10819491118966862,
            -0.5873197216221276
          ]
        ]
      ]
    ],
    [
      [
        "CHI",
        2,
        -1
      ],
      [
        "CHI",
        1
      ],
      [
        [
          0.619545243856068,
          1.3903064772974785,
          -6.222923812972146e-16
        ],
        [
          [
            0.4070332066592656,
            -0.909934877336284,
            0.07963973683832412
          ],
          [
            0.9134133613412252,
            0.4054831324444927,
            -0.035488880319425285
          ],
          [
            -4.088380404028742e-16,
            0.08718915247898681,
            0.996191774554476
          ]
        ]
      ]
    ],
    [
      [
        "CHI",
        3,
        -1
      ],
      [
        "CHI",
        2
      ],
      [
        [
          0.5842177032514932,
          1.4001007410924238,
          2.5407982516622513e-16
        ],
        [
          [
            0.38508846038592903,
            -0.9228228124526195,
            0.010243753932654193
          ],
          [
            0.9228796658706895,
            0.38506473725490575,
            -0.004274394134338669
          ],
          [
            -3.6354585899316615e-18,
            0.011099772062904587,
            0.999938395632527
          ]
        ]
      ]
    ]
  ],
  "GLU": [
    [
      [
        "PHI",
        1,
        -1
      ],
      [
        "BB",
        0
      ],
      [
        [
          -0.4853335021919806,
          1.3750631373322701,
          2.112577070277232e-16
        ],
        [
          [
            -0.3328305460101361,
            -0.40140239613216633,
            0.8532877263982825
          ],
          [
            0.9429866529503982,
            -0.14167642591381732,
            0.30117098581651586
          ],
          [
            -2.7386327998935943e-16,
            0.9048778407716934,
            0.42567134420860187
          ]
        ]
      ]
    ],
    [
      [
        "PSI",
        1,
        -1
      ],
      [
        "BB",
        0
      ],
      [
        [
          1.5216,
          1.957320954590293e-16,
          1.5802802171189839e-16
        ],
        [
          [
            1.0000000000000002,
            -3.5684966469404633e-17,
            9.843659039190748e-17
          ],
          [
            9.793464444554231e-17,
            -0.013803234847423351,
            -0.9999047308157649
          ],
          [
            3.704031016651875e-17,
            0.9999047308157649,
            -0.013803234847423351
          ]
        ]
      ]
    ],
    [
      [
        "CHI",
        1,
        -1
      ],
      [
        "BB",
        0
      ],
      [
        [
          -0.5183945352292179,
          -0.754375665245871,
          -1.2273759291795374
        ],
        [
          [
            -0.33857653662675086,
            -0.8989110096117744,
            0.2780735975323366
          ],
          [
            -0.4927017603330098,
            0.4211434350373881,
            0.7615006122713649
          ],
          [
            -0.8016301542548089,
            0.12081888893567373,
            -0.5854843224764957
          ]
        ]
      ]
    ],
    [
      [
        "CHI",
        2,
        -1
      ],
      [
        "CHI",
        1
      ],
      [
        [
          0.6183146057109231,
          1.38866520744366,
          -3.7804341494596096e-16
        ],
        [
          [
            0.40675916433847975,
            -0.9135269845757514,
            0.003928190244438265
          ],
          [
            0.9135354301977903,
            0.4067554038557997,
            -0.0017490590166207142
          ],
          [
            -3.489987345938907e-16,
            0.004299986748830998,
            0.9999907550142451
          ]
        ]
      ]
    ],
    [
      [
        "CHI",
        3,
        -1
      ],
      [
        "CHI",
        2
      ],
      [
        [
          0.594960466375509,
          1.3986129033618409,
          8.058548624236943e-17
        ],
        [
          [
            0.3914471125570821,
            -0.919993827779107,
            -0.01950679161395793
          ],
          [
            0.9202006075148633,
            0.39135914985651865,
            0.008298057173813605
          ],
          [
            1.8505272065156094e-16,
            -0.021198412014352838,
            0.9997752884163873
          ]
        ]
      ]
    ]
  ],
  "GLY": [
    [
      [
        "PHI",
        1,
        -1
      ],
      [
        "BB",
        0
      ],
      [
        [
          -0.533363020494982,
          1.3533942435109103,
          -9.331544649100312e-17
        ],
        [
          [
            -0.3666481202275261,
            0.7616068913130332,
            0.5343445508640655
          ],
          [
            0.9303596916965083,
            0.30014384494996427,
            0.21058137715626749
          ],
          [
            -1.127984943750471e-16,
            0.5743418976908703,
            -0.8186155291446959
          ]
        ]
      ]
    ],
    [
      [
        "PSI",
        1,
        -1
      ],
      [
        "BB",
        0
      ],
      [
        [
          1.5143999999999997,
          -3.113290194152833e-16,
          8.266052538211429e-18
        ],
        [
          [
            0.9999999999999998,
            2.793117941226583e-18,
            -4.069233857620881e-17
          ],
          [
            -1.1096777894355248e-17,
            0.9786518923498018,
            -0.20552487343421807
          ],
          [
            3.924957894038817e-17,
            0.20552487343421807,
            0.9786518923498018
          ]
        ]
      ]
    ]
  ],
  "HSD": [
    [
      [
        "PHI",
        1,
        -1
      ],
      [
        "BB",
        0
      ],
      [
        [
          -0.4875626724499308,
          1.3748048335794725,
          -8.533994877587976e-16
        ],
        [
          [
            -0.3342446510248376,
            -0.46699650159852124,
            0.8186542498246902
          ],
          [
            0.9424863464588142,
            -0.1656162800586927,
            0.29032866637353627
          ],
          [
            -7.870184444401868e-16,
            0.8686112567047829,
            0.4954941823328878
          ]
        ]
      ]
    ],
    [
      [
        "PSI",
        1,
        -1
      ],
      [
        "BB",
        0
      ],
      [
        [
          1.5213,
          -6.483575644177146e-16,
          -4.883494193084915e-16
        ],
        [
          [
            1.0000000000000002,
            5.20712307945675e-17,
            -3.400921905503192e-16
          ],
          [
            -3.183593393544227e-16,
            -0.2347911177379347,
            -0.9720458482146671
          ],
          [
            -1.3046624925853912e-16,
            0.9720458482146671,
            -0.2347911177379347
          ]
        ]
      ]
    ],
    [
      [
        "CHI",
        1,
        -1
      ],
      [
        "BB",
        0
      ],
      [
        [
          -0.5177823501648474,
          -0.753659773683121,
          -1.2300681580260802
        ],
        [
          [
            -0.33782367727855955,
            -0.8485218785357795,
            0.4072907864365509
          ],
          [
            -0.4917203455882569,
            0.5280915427656272,
            0.6923369296765742
          ],
          [
            -0.8025498519123642,
            0.033614641237593945,
            -0.5956372982696022
          ]
        ]
      ]
    ],
    [
      [
        "CHI",
        2,
        -1
      ],
      [
        "CHI",
        1
      ],
      [
        [
          0.6055691388801263,
          1.3685021987691444,
          9.291775547877544e-18
        ],
        [
          [
            0.40465695882400665,
            -0.8846665468456939,
            -0.23155527756331004
          ],
          [
            0.9144685591507812,
            0.3914694177702044,
            0.10246438052001755
          ],
          [
            -7.286392542801964e-17,
            -0.25321294564609553,
            0.9674105664903744
          ]
        ]
      ]
    ]
  ],
  "HSE": [
    [
      [
        "PHI",
        1,
        -1
      ],
      [
        "BB",
        0
      ],
      [
        [
          -0.4875626724499308,
          1.3748048335794725,
          -8.533994877587976e-16
        ],
        [
          [
            -0.3342446510248376,
            -0.46699650159852124,
            0.8186542498246902
          ],
          [
            0.9424863464588142,
            -0.1656162800586927,
            0.29032866637353627
          ],
          [
            -7.870184444401868e-16,
            0.8686112567047829,
            0.4954941823328878
          ]
        ]
      ]
    ],
    [
      [
        "PSI",
        1,
        -1
      ],
      [
        "BB",
        0
      ],
      [
        [
          1.5213,
          -6.483575644177146e-16,
          -4.883494193084915e-16
        ],
        [
          [
            1.0000000000000002,
            5.20712307945675e-17,
            -3.400921905503192e-16
          ],
          [
            -3.183593393544227e-16,
            -0.2347911177379347,
            -0.9720458482146671
          ],
          [
            -1.3046624925853912e-16,
            0.9720458482146671,
            -0.2347911177379347
          ]
        ]
      ]
    ],
    [
      [
        "CHI",
        1,
        -1
      ],
      [
        "BB",
        0
      ],
      [
        [
          -0.5177823501648474,
          -0.753659773683121,
          -1.2300681580260802
        ],
        [
          [
            -0.33782367727855955,
            -0.8485218785357795,
            0.4072907864365509
          ],
          [
            -0.4917203455882569,
            0.5280915427656272,
            0.6923369296765742
          ],
          [
            -0.8025498519123642,
            0.033614641237593945,
            -0.5956372982696022
          ]
        ]
      ]
    ],
    [
      [
        "CHI",
        2,
        -1
      ],
      [
        "CHI",
        1
      ],
      [
        [
          0.6055691388801263,
          1.3685021987691444,
          9.291775547877544e-18
        ],
        [
          [
            0.40465695882400665,
            -0.8846665468456939,
            -0.23155527756331004
          ],
          [
            0.9144685591507812,
            0.3914694177702044,
            0.10246438052001755
          ],
          [
            -7.286392542801964e-17,
            -0.25321294564609553,
            0.9674105664903744
          ]
        ]
      ]
    ]
  ],
  "ILE": [
    [
      [
        "PHI",
        1,
        -1
      ],
      [
        "BB",
        0
      ],
      [
        [
          -0.46635528176627405,
          1.3826703841366894,
          4.866415318796473e-16
        ],
        [
          [
            -0.3195965472630716,
            -0.27277385903662044,
            0.9074428184760699
          ],
          [
            0.9475537171989374,
            -0.09200278775691324,
            0.3060677050383348
          ],
          [
            2.637234478138027e-16,
            0.9576689975514644,
            0.2878716573905353
          ]
        ]
      ]
    ],
    [
      [
        "PSI",
        1,
        -1
      ],
      [
        "BB",
        0
      ],
      [
        [
          1.524,
          0.0,
          0.0
        ],
        [
          [
            0.9999999999999998,
            0.0,
            0.0
          ],
          [
            0.0,
            0.625362762065526,
            -0.7803341693286124
          ],
          [
            0.0,
            0.7803341693286124,
            0.625362762065526
          ]
        ]
      ]
    ],
    [
      [
        "CHI",
        1,
        -1
      ],
      [
        "BB",
        0
      ],
      [
        [
          -0.5249761732733232,
          -0.7774773440391053,
          -1.2302225030461744
        ],
        [
          [
            -0.3393291792859698,
            -0.9251090422090553,
            0.17037889572407378
          ],
          [
            -0.5025385198365365,
            0.33139523718987035,
            0.798518774261678
          ],
          [
            -0.7951796930037974,
            0.18533876224609422,
            -0.5773550026140526
          ]
        ]
      ]
    ],
    [
      [
        "CHI",
        2,
        -1
      ],
      [
        "CHI",
        1
      ],
      [
        [
          0.5393155493058216,
          1.4362828336636768,
          -1.2190621901815569e-15
        ],
        [
          [
            0.35152884194096035,
            0.12758060493717807,
            0.9274430777829503
          ],
          [
            0.9361770523163063,
            -0.04790574838031776,
            -0.34824928713275827
          ],
          [
            -8.074015845146524e-16,
            0.9906705953625484,
            -0.13627828691326666
          ]
        ]
      ]
    ],
    [
      [
        "XI",
        2,
        2
      ],
      [
        "CHI",
        1
      ],
      [
        [
          0.5381312726016967,
          -0.7889882356963634,
          -1.200572824688622
        ],
        [
          [
            0.3507797878897707,
            -0.9289988554973294,
            -0.11796044630578398
          ],
          [
            -0.5143003948219569,
            -0.29638048925527466,
            0.804769351724321
          ],
          [
            -0.7825909814801006,
            -0.22162971838960657,
            -0.5817487633270542
          ]
        ]
      ]
    ],
    [
      [
        "XI",
        3,
        1
      ],
      [
        "CHI",
        2
      ],
      [
        [
          0.6192908277053354,
          1.3908576924761362,
          -6.567657689088205e-17
        ],
        [
          [
            0.4067591643384792,
            -0.8954161766274904,
            -0.18104378713578717
          ],
          [
            0.91353543019779,
            0.3986914176511982,
            0.08061123534976855
          ],
          [
            2.103685787903646e-16,
            -0.19817927269289287,
            0.9801657899941802
          ]
        ]
      ]
    ]
  ],
  "LEU": [
    [
      [
        "PHI",
        1,
        -1
      ],
      [
        "BB",
        0
      ],
      [
        [
          -0.48112870953064785,
          1.3771755896999383,
          -1.831965545485445e-16
        ],
        [
          [
            -0.3298112897797148,
            -0.14555892864955186,
            0.932757798908289
          ],
          [
            0.9440468807923902,
            -0.05085232415213005,
            0.32586734723578203
          ],
          [
            -3.418632314986011e-16,
            0.988041820683073,
            0.15418612318000166
          ]
        ]
      ]
    ],
    [
      [
        "PSI",
        1,
        -1
      ],
      [
        "BB",
        0
      ],
      [
        [
          1.5219,
          -6.303739909495104e-16,
          -4.245795933185945e-16
        ],
        [
          [
            1.0000000000000002,
            7.563796061193151e-17,
            -3.079961249009779e-16
          ],
          [
            -3.0447742572947313e-16,
            -0.04279060391242523,
            -0.9990840626377795
          ],
          [
            -8.874802116500446e-17,
            0.9990840626377795,
            -0.04279060391242523
          ]
        ]
      ]
    ],
    [
      [
        "CHI",
        1,
        -1
      ],
      [
        "BB",
        0
      ],
      [
        [
          -0.5135064381807973,
          -0.7471657742238874,
          -1.2349406640706628
        ],
        [
          [
            -0.3351869700919048,
            -0.7770485436220759,
            0.5327712979651026
          ],
          [
            -0.48770611894509647,
            0.6269270643785313,
            0.6075402846669751
          ],
          [
            -0.8060970392106157,
            -0.05619623478960501,
            -0.5891091126195143
          ]
        ]
      ]
    ],
    [
      [
        "CHI",
        2,
        -1
      ],
      [
        "CHI",
        1
      ],
      [
        [
          0.6936469006339326,
          1.3648498002494411,
          4.317349432311745e-17
        ],
        [
          [
            0.4530678645551484,
            -0.3210381863743411,
            0.8316633892368421
          ],
          [
            0.891476028902313,
            0.16315871748158817,
            -0.4226697561954553
          ],
          [
            -1.3939710513013364e-16,
            0.9329060594718189,
            0.3601198192279383
          ]
        ]
      ]
    ],
    [
      [
        "XI",
        3,
        1
      ],
      [
        "CHI",
        2
      ],
      [
        [
          0.5319669006720574,
          1.4301685308345193,
          -7.307666772812999e-17
        ],
        [
          [
            0.34862500863232004,
            -0.9140334167698255,
            -0.20737289211512755
          ],
          [
            0.93726229165379,
            0.3399847733651442,
            0.07713462597132861
          ],
          [
            1.2356763026660256e-16,
            -0.22125385173580392,
            0.9752162493991114
          ]
        ]
      ]
    ],
    [
      [
        "XI",
        3,
        2
      ],
      [
        "CHI",
        2
      ],
      [
        [
          0.5328598247153534,
          -0.7735725833391184,
          1.202631225900261
        ],
        [
          [
            0.3491873032210708,
            -0.9138499894802572,
            0.20723519005258187
          ],
          [
            -0.5069282983873649,
            -0.37022640178344507,
            -0.7784318285608406
          ],
          [
            0.7880938570774975,
            0.16676512869726923,
            -0.5925347789685398
          ]
        ]
      ]
    ]
  ],
  "LYS": [
    [
      [
        "PHI",
        1,
        -1
      ],
      [
        "BB",
        0
      ],
      [
        [
          -0.48574171276561673,
          1.375343211158409,
          -9.723304862526857e-17
        ],
        [
          [
            -0.3330191366828582,
            -0.08249764690128536,
            0.9393042067715629
          ],
          [
            0.942920067981907,
            -0.029136398812927282,
            0.33174209208541844
          ],
          [
            7.361142534185813e-17,
            0.9961652516123845,
            0.08749166520323577
          ]
        ]
      ]
    ],
    [
      [
        "PSI",
        1,
        -1
      ],
      [
        "BB",
        0
      ],
      [
        [
          1.5222000000000002,
          0.0,
          0.0
        ],
        [
          [
            1.0000000000000002,
            0.0,
            0.0
          ],
          [
            0.0,
            0.001496326236519352,
            -0.9999988805032705
          ],
          [
            0.0,
            0.9999988805032705,
            0.001496326236519352
          ]
        ]
      ]
    ],
    [
      [
        "CHI",
        1,
        -1
      ],
      [
        "BB",
        0
      ],
      [
        [
          -0.5187165356273467,
          -0.7551069124369094,
          -1.2269148896548443
        ],
        [
          [
            -0.3387647176249657,
            -0.9209881806733604,
            0.19240383871547728
          ],
          [
            -0.49314714762076134,
            0.347962495717047,
            0.7973255247186505
          ],
          [
            -0.80127670432004,
            0.17522235198266856,
            -0.5720601108971658
          ]
        ]
      ]
    ],
    [
      [
        "CHI",
        2,
        -1
      ],
      [
        "CHI",
        1
      ],
      [
        [
          0.623084804021056,
          1.3892717829848995,
          -7.025351358021651e-16
        ],
        [
          [
            0.40922422436690936,
            -0.911205257296566,
            0.04733406032025395
          ],
          [
            0.9124338519538292,
            0.40867320283849573,
            -0.02122920371620764
          ],
          [
            -5.378772070905416e-16,
            0.051876703411316366,
            0.9986534972868094
          ]
        ]
      ]
    ],
    [
      [
        "CHI",
        3,
        -1
      ],
      [
        "CHI",
        2
      ],
      [
        [
          0.5582045432720788,
          1.4180915654041573,
          8.89235643033589e-17
        ],
        [
          [
            0.3662759470289228,
            -0.9287126461826687,
            -0.05774730685020661
          ],
          [
            0.9305062765119139,
            0.3655699188547477,
            0.022731119648345188
          ],
          [
            7.367040684008561e-16,
            -0.06206009385200206,
            0.9980724145827703
          ]
        ]
      ]
    ],
    [
      [
        "CHI",
        4,
        -1
      ],
      [
        "CHI",
        3
      ],
      [
        [
          0.5599523480669113,
          1.415466780922235,
          1.754681635178641e-16
        ],
        [
          [
            0.3678572776684478,
            -0.9298820352994924,
            0.0006509175309815057
          ],
          [
            0.9298822631206376,
            0.3678571875434184,
            -0.0002575000733211333
          ],
          [
            6.140612010080675e-17,
            0.0006999999427853181,
            0.9999997550000099
          ]
        ]
      ]
    ],
    [
      [
        "XI",
        5,
        1
      ],
      [
        "CHI",
        4
      ],
      [
        [
          0.5516795779161455,
          1.3892719975981171,
          -3.713885689368743e-18
        ],
        [
          [
            0.36906581343065675,
            -0.9291356077520315,
            -0.022303537029604484
          ],
          [
            0.929403263043964,
            0.36895952757825656,
            0.008856729219189768
          ],
          [
            -3.886919286983678e-17,
            -0.023997696066351624,
            0.9997120138237346
          ]
        ]
      ]
    ]
  ],
  "MET": [
    [
      [
        "PHI",
        1,
        -1
      ],
      [
        "BB",
        0
      ],
      [
        [
          -0.48907793665171523,
          1.3738419348238347,
          -4.6836626448569014e-17
        ],
        [
          [
            -0.33537539371303254,
            -0.41942117187724515,
            0.8435693367310991
          ],
          [
            0.9420845743837589,
            -0.1493109477372814,
            0.30030467128229366
          ],
          [
            -2.3506906827421256e-16,
            0.8954284569226696,
            0.4452054340785686
          ]
        ]
      ]
    ],
    [
      [
        "PSI",
        1,
        -1
      ],
      [
        "BB",
        0
      ],
      [
        [
          1.5211999999999999,
          -1.0219612213405097e-17,
          1.3584107310823267e-17
        ],
        [
          [
            1.0000000000000002,
            -7.143604234271783e-18,
            -1.0016415306594064e-18
          ],
          [
            -2.758558708217852e-18,
            -0.2504099503540378,
            -0.968139895244323
          ],
          [
            6.665187249069821e-18,
            0.968139895244323,
            -0.2504099503540378
          ]
        ]
      ]
    ],
    [
      [
        "CHI",
        1,
        -1
      ],
      [
        "BB",
        0
      ],
      [
        [
          -0.5150602188037758,
          -0.7545858686956349,
          -1.2296465946647672
        ],
        [
          [
            -0.33622313388848896,
            -0.8430462277055975,
            0.419794071170098
          ],
          [
            -0.4925816754981626,
            0.537332456588893,
            0.6845707589866579
          ],
          [
            -0.8026937754845407,
            0.02338565901375392,
            -0.5959327258599467
          ]
        ]
      ]
    ],
    [
      [
        "CHI",
        2,
        -1
      ],
      [
        "CHI",
        1
      ],
      [
        [
          0.6211561990332695,
          1.387944284329361,
          2.840008561630623e-17
        ],
        [
          [
            0.40849414641146203,
            -0.9127607750226205,
            -0.000547656530696178
          ],
          [
            0.9127609393195846,
            0.4084940728825179,
            0.0002450964731250577
          ],
          [
